-180 36.6541
-179 36.6541
-178 36.6539
-177 36.6536
-176 36.6529
-175 36.6521
-174 36.6509
-173 36.6495
-172 36.6479
-171 36.6460
-170 36.6438
-169 36.6414
-168 36.6387
-167 36.6357
-166 36.6325
-165 36.6289
-164 36.6251
-163 36.6210
-162 36.6166
-161 36.6119
-160 36.6069
-159 36.6015
-158 36.5958
-157 36.5899
-156 36.5835
-155 36.5769
-154 36.5698
-153 36.5625
-152 36.5547
-151 36.5466
-150 36.5381
-149 36.5292
-148 36.5200
-147 36.5103
-146 36.5002
-145 36.4897
-144 36.4787
-143 36.4674
-142 36.4556
-141 36.4433
-140 36.4306
-139 36.4174
-138 36.4037
-137 36.3895
-136 36.3749
-135 36.3598
-134 36.3441
-133 36.3280
-132 36.3113
-131 36.2941
-130 36.2764
-129 36.2581
-128 36.2393
-127 36.2200
-126 36.2001
-125 36.1796
-124 36.1586
-123 36.1370
-122 36.1149
-121 36.0921
-120 36.0688
-119 36.0449
-118 36.0204
-117 35.9953
-116 35.9697
-115 35.9434
-114 35.9166
-113 35.8891
-112 35.8611
-111 35.8324
-110 35.8032
-109 35.7733
-108 35.7429
-107 35.7119
-106 35.6803
-105 35.6480
-104 35.6152
-103 35.5818
-102 35.5478
-101 35.5133
-100 35.4782
-99 35.4424
-98 35.4062
-97 35.3693
-96 35.3319
-95 35.2940
-94 35.2555
-93 35.2165
-92 35.1769
-91 35.1369
-90 35.0963
-89 35.0552
-88 35.0136
-87 34.9716
-86 34.9291
-85 34.8861
-84 34.8426
-83 34.7988
-82 34.7545
-81 34.7098
-80 34.6647
-79 34.6192
-78 34.5734
-77 34.5272
-76 34.4807
-75 34.4338
-74 34.3867
-73 34.3393
-72 34.2916
-71 34.2436
-70 34.1955
-69 34.1471
-68 34.0985
-67 34.0498
-66 34.0009
-65 33.9519
-64 33.9028
-63 33.8536
-62 33.8044
-61 33.7551
-60 33.7058
-59 33.6566
-58 33.6073
-57 33.5582
-56 33.5091
-55 33.4601
-54 33.4113
-53 33.3627
-52 33.3142
-51 33.2660
-50 33.2180
-49 33.1703
-48 33.1229
-47 33.0759
-46 33.0292
-45 32.9829
-44 32.9370
-43 32.8916
-42 32.8467
-41 32.8023
-40 32.7584
-39 32.7151
-38 32.6724
-37 32.6303
-36 32.5888
-35 32.5481
-34 32.5081
-33 32.4688
-32 32.4303
-31 32.3926
-30 32.3557
-29 32.3197
-28 32.2846
-27 32.2503
-26 32.2170
-25 32.1847
-24 32.1534
-23 32.1231
-22 32.0938
-21 32.0656
-20 32.0384
-19 32.0124
-18 31.9875
-17 31.9637
-16 31.9411
-15 31.9197
-14 31.8995
-13 31.8805
-12 31.8628
-11 31.8463
-10 31.8311
-9 31.8171
-8 31.8045
-7 31.7931
-6 31.7831
-5 31.7744
-4 31.7670
-3 31.7609
-2 31.7562
-1 31.7528
0 31.7508
1 31.7501
2 31.7508
3 31.7528
4 31.7562
5 31.7609
6 31.7670
7 31.7744
8 31.7831
9 31.7931
10 31.8045
11 31.8171
12 31.8311
13 31.8463
14 31.8628
15 31.8805
16 31.8995
17 31.9197
18 31.9411
19 31.9637
20 31.9875
21 32.0124
22 32.0384
23 32.0656
24 32.0938
25 32.1231
26 32.1534
27 32.1847
28 32.2170
29 32.2503
30 32.2846
31 32.3197
32 32.3557
33 32.3926
34 32.4303
35 32.4688
36 32.5081
37 32.5481
38 32.5888
39 32.6303
40 32.6724
41 32.7151
42 32.7584
43 32.8023
44 32.8467
45 32.8916
46 32.9370
47 32.9829
48 33.0292
49 33.0759
50 33.1229
51 33.1703
52 33.2180
53 33.2660
54 33.3142
55 33.3627
56 33.4113
57 33.4601
58 33.5091
59 33.5582
60 33.6073
61 33.6566
62 33.7058
63 33.7551
64 33.8044
65 33.8536
66 33.9028
67 33.9519
68 34.0009
69 34.0498
70 34.0985
71 34.1471
72 34.1955
73 34.2436
74 34.2916
75 34.3393
76 34.3867
77 34.4338
78 34.4807
79 34.5272
80 34.5734
81 34.6192
82 34.6647
83 34.7098
84 34.7545
85 34.7988
86 34.8426
87 34.8861
88 34.9291
89 34.9716
90 35.0136
91 35.0552
92 35.0963
93 35.1369
94 35.1769
95 35.2165
96 35.2555
97 35.2940
98 35.3319
99 35.3693
100 35.4062
101 35.4424
102 35.4782
103 35.5133
104 35.5479
105 35.5818
106 35.6152
107 35.6480
108 35.6803
109 35.7119
110 35.7429
111 35.7733
112 35.8032
113 35.8324
114 35.8611
115 35.8891
116 35.9166
117 35.9434
118 35.9697
119 35.9953
120 36.0204
121 36.0449
122 36.0688
123 36.0921
124 36.1149
125 36.1370
126 36.1586
127 36.1796
128 36.2001
129 36.2200
130 36.2393
131 36.2581
132 36.2764
133 36.2941
134 36.3113
135 36.3280
136 36.3441
137 36.3598
138 36.3749
139 36.3895
140 36.4037
141 36.4174
142 36.4306
143 36.4433
144 36.4556
145 36.4674
146 36.4787
147 36.4897
148 36.5002
149 36.5103
150 36.5200
151 36.5292
152 36.5381
153 36.5466
154 36.5547
155 36.5625
156 36.5698
157 36.5769
158 36.5835
159 36.5899
160 36.5959
161 36.6015
162 36.6069
163 36.6119
164 36.6166
165 36.6210
166 36.6251
167 36.6289
168 36.6325
169 36.6357
170 36.6387
171 36.6414
172 36.6438
173 36.6460
174 36.6479
175 36.6495
176 36.6509
177 36.6521
178 36.6529
179 36.6536
180 36.6539
181 36.6541
