dih  Etot    EPtot   BOND   ANGLE  DIHED   1-4NB  1-4EEL  VDWAALS  EELEC EGB
-180 -4.4305 -23.5128 5.4435 2.8766 9.2526 6.1446 36.6541 44.3715 -103.2651 -24.9907
-179 -4.4305 -23.5128 5.4435 2.8766 9.2526 6.1446 36.6541 44.3715 -103.2651 -24.9907
-178 0.6193 -23.4619 5.4435 2.8766 9.2557 6.1446 36.6539 44.3715 -103.2459 -24.9619
-177 -5.5843 -23.4048 5.4435 2.8766 9.2650 6.1446 36.6536 44.3715 -103.2274 -24.9323
-176 -2.6578 -23.3418 5.4435 2.8766 9.2804 6.1446 36.6529 44.3715 -103.2094 -24.9020
-175 7.0273 -23.2728 5.4435 2.8766 9.3020 6.1446 36.6521 44.3715 -103.1921 -24.8711
-174 4.9225 -23.1980 5.4435 2.8766 9.3298 6.1446 36.6509 44.3715 -103.1754 -24.8395
-173 -2.6412 -23.1172 5.4435 2.8766 9.3636 6.1446 36.6495 44.3715 -103.1594 -24.8072
-172 -2.4652 -23.0306 5.4435 2.8766 9.4034 6.1446 36.6479 44.3715 -103.1440 -24.7742
-171 -2.6668 -22.9383 5.4435 2.8766 9.4493 6.1446 36.6460 44.3715 -103.1292 -24.7406
-170 -6.0402 -22.8402 5.4435 2.8766 9.5012 6.1446 36.6438 44.3715 -103.1152 -24.7062
-169 -3.2340 -22.7364 5.4435 2.8766 9.5589 6.1446 36.6414 44.3715 -103.1018 -24.6711
-168 -4.5983 -22.6270 5.4435 2.8766 9.6225 6.1446 36.6387 44.3715 -103.0892 -24.6352
-167 0.7743 -22.5121 5.4435 2.8766 9.6919 6.1446 36.6357 44.3715 -103.0773 -24.5986
-166 6.0785 -22.3916 5.4435 2.8766 9.7669 6.1446 36.6325 44.3715 -103.0660 -24.5612
-165 6.2781 -22.2658 5.4435 2.8766 9.8475 6.1446 36.6289 44.3715 -103.0555 -24.5229
-164 7.7354 -22.1349 5.4435 2.8766 9.9337 6.1446 36.6251 44.3715 -103.0458 -24.4842
-163 2.2407 -21.9993 5.4435 2.8766 10.0252 6.1446 36.6210 44.3715 -103.0367 -24.4450
-162 5.4472 -21.8590 5.4435 2.8766 10.1221 6.1446 36.6166 44.3715 -103.0284 -24.4055
-161 -1.8801 -21.7141 5.4435 2.8766 10.2242 6.1446 36.6119 44.3715 -103.0207 -24.3656
-160 -3.1420 -21.5651 5.4435 2.8766 10.3313 6.1446 36.6069 44.3715 -103.0138 -24.3257
-159 -1.0345 -21.4121 5.4435 2.8766 10.4434 6.1446 36.6015 44.3715 -103.0076 -24.2857
-158 0.5774 -21.2553 5.4435 2.8766 10.5604 6.1446 36.5958 44.3715 -103.0020 -24.2458
-157 -2.8378 -21.0949 5.4435 2.8766 10.6820 6.1446 36.5899 44.3715 -102.9971 -24.2059
-156 -1.0515 -20.9310 5.4435 2.8766 10.8082 6.1446 36.5835 44.3715 -102.9927 -24.1663
-155 -1.1239 -20.7643 5.4435 2.8766 10.9389 6.1446 36.5769 44.3715 -102.9889 -24.1274
-154 4.2979 -20.5948 5.4435 2.8766 11.0738 6.1446 36.5698 44.3715 -102.9857 -24.0891
-153 5.4568 -20.4228 5.4435 2.8766 11.2129 6.1446 36.5625 44.3715 -102.9829 -24.0515
-152 -0.9138 -20.2483 5.4435 2.8766 11.3559 6.1446 36.5547 44.3715 -102.9805 -24.0146
-151 5.3920 -20.0715 5.4435 2.8766 11.5027 6.1446 36.5466 44.3715 -102.9785 -23.9786
-150 -2.5460 -19.8925 5.4435 2.8766 11.6532 6.1446 36.5381 44.3715 -102.9767 -23.9433
-149 -1.7480 -19.7114 5.4435 2.8766 11.8072 6.1446 36.5292 44.3715 -102.9751 -23.9090
-148 2.7844 -19.5284 5.4435 2.8766 11.9644 6.1446 36.5200 44.3715 -102.9735 -23.8755
-147 -2.6706 -19.3435 5.4435 2.8766 12.1248 6.1446 36.5103 44.3715 -102.9719 -23.8429
-146 -2.0295 -19.1569 5.4435 2.8766 12.2882 6.1446 36.5002 44.3715 -102.9702 -23.8113
-145 1.7397 -18.9687 5.4435 2.8766 12.4543 6.1446 36.4897 44.3715 -102.9681 -23.7807
-144 1.2718 -18.7789 5.4435 2.8766 12.6230 6.1446 36.4787 44.3715 -102.9656 -23.7512
-143 5.5552 -18.5875 5.4435 2.8766 12.7940 6.1446 36.4674 44.3715 -102.9625 -23.7226
-142 7.7014 -18.3947 5.4435 2.8766 12.9673 6.1446 36.4556 44.3715 -102.9587 -23.6952
-141 5.0847 -18.2006 5.4435 2.8766 13.1426 6.1446 36.4433 44.3715 -102.9538 -23.6688
-140 0.6084 -18.0050 5.4435 2.8766 13.3197 6.1446 36.4306 44.3715 -102.9479 -23.6436
-139 6.2771 -17.8081 5.4435 2.8766 13.4984 6.1446 36.4174 44.3715 -102.9405 -23.6195
-138 0.1149 -17.6098 5.4435 2.8766 13.6785 6.1446 36.4037 44.3715 -102.9316 -23.5966
-137 11.4998 -17.4101 5.4435 2.8766 13.8598 6.1446 36.3895 44.3715 -102.9209 -23.5748
-136 5.1909 -17.2087 5.4435 2.8766 14.0422 6.1446 36.3749 44.3715 -102.9082 -23.5538
-135 9.5283 -17.0055 5.4435 2.8766 14.2254 6.1446 36.3598 44.3715 -102.8932 -23.5337
-134 8.2108 -16.8005 5.4435 2.8766 14.4091 6.1446 36.3441 44.3715 -102.8756 -23.5144
-133 3.5531 -16.5937 5.4435 2.8766 14.5933 6.1446 36.3280 44.3715 -102.8552 -23.4961
-132 10.2357 -16.3851 5.4435 2.8766 14.7777 6.1446 36.3113 44.3715 -102.8317 -23.4787
-131 2.7226 -16.1746 5.4435 2.8766 14.9621 6.1446 36.2941 44.3715 -102.8048 -23.4623
-130 7.2112 -15.9622 5.4435 2.8766 15.1463 6.1446 36.2764 44.3715 -102.7743 -23.4468
-129 5.1148 -15.7478 5.4435 2.8766 15.3301 6.1446 36.2581 44.3715 -102.7399 -23.4324
-128 4.6523 -15.5313 5.4435 2.8766 15.5133 6.1446 36.2393 44.3715 -102.7013 -23.4189
-127 6.4898 -15.3128 5.4435 2.8766 15.6957 6.1446 36.2200 44.3715 -102.6582 -23.4065
-126 9.7992 -15.0921 5.4435 2.8766 15.8771 6.1446 36.2001 44.3715 -102.6104 -23.3952
-125 5.9849 -14.8692 5.4435 2.8766 16.0573 6.1446 36.1796 44.3715 -102.5575 -23.3849
-124 10.5445 -14.6441 5.4435 2.8766 16.2361 6.1446 36.1586 44.3715 -102.4995 -23.3756
-123 13.9119 -14.4168 5.4435 2.8766 16.4134 6.1446 36.1370 44.3715 -102.4359 -23.3675
-122 6.4902 -14.1873 5.4435 2.8766 16.5888 6.1446 36.1149 44.3715 -102.3667 -23.3605
-121 4.9553 -13.9555 5.4435 2.8766 16.7623 6.1446 36.0921 44.3715 -102.2915 -23.3546
-120 6.8915 -13.7215 5.4435 2.8766 16.9336 6.1446 36.0688 44.3715 -102.2104 -23.3498
-119 10.5315 -13.4854 5.4435 2.8766 17.1026 6.1446 36.0449 44.3715 -102.1230 -23.3461
-118 2.2553 -13.2472 5.4435 2.8766 17.2691 6.1446 36.0204 44.3715 -102.0294 -23.3436
-117 7.0612 -13.0070 5.4435 2.8766 17.4329 6.1446 35.9953 44.3715 -101.9293 -23.3422
-116 4.4822 -12.7651 5.4435 2.8766 17.5939 6.1446 35.9697 44.3715 -101.8229 -23.3419
-115 13.9968 -12.5214 5.4435 2.8766 17.7518 6.1446 35.9434 44.3715 -101.7100 -23.3428
-114 9.5992 -12.2761 5.4435 2.8766 17.9065 6.1446 35.9166 44.3715 -101.5908 -23.3446
-113 10.3929 -12.0295 5.4435 2.8766 18.0578 6.1446 35.8891 44.3715 -101.4652 -23.3475
-112 16.2137 -11.7818 5.4435 2.8766 18.2057 6.1446 35.8611 44.3715 -101.3335 -23.3513
-111 15.8688 -11.5334 5.4435 2.8766 18.3498 6.1446 35.8324 44.3715 -101.1958 -23.3561
-110 8.8996 -11.2845 5.4435 2.8766 18.4902 6.1446 35.8032 44.3715 -101.0523 -23.3619
-109 11.7661 -11.0357 5.4435 2.8766 18.6266 6.1446 35.7733 44.3715 -100.9032 -23.3687
-108 6.7235 -10.7873 5.4435 2.8766 18.7589 6.1446 35.7429 44.3715 -100.7489 -23.3764
-107 11.7543 -10.5398 5.4435 2.8766 18.8870 6.1446 35.7119 44.3715 -100.5898 -23.3851
-106 11.7920 -10.2937 5.4435 2.8766 19.0107 6.1446 35.6803 44.3715 -100.4262 -23.3947
-105 20.0285 -10.0496 5.4435 2.8766 19.1300 6.1446 35.6480 44.3715 -100.2585 -23.4053
-104 10.8427 -9.8081 5.4435 2.8766 19.2446 6.1446 35.6152 44.3715 -100.0874 -23.4168
-103 6.2620 -9.5698 5.4435 2.8766 19.3545 6.1446 35.5818 44.3715 -99.9132 -23.4292
-102 12.8272 -9.3352 5.4435 2.8766 19.4597 6.1446 35.5478 44.3715 -99.7365 -23.4425
-101 10.9097 -9.1052 5.4435 2.8766 19.5599 6.1446 35.5133 44.3715 -99.5579 -23.4567
-100 17.8071 -8.8803 5.4435 2.8766 19.6552 6.1446 35.4782 44.3715 -99.3780 -23.4717
-99 17.2782 -8.6612 5.4435 2.8766 19.7453 6.1446 35.4424 44.3715 -99.1975 -23.4876
-98 8.5069 -8.4487 5.4435 2.8766 19.8303 6.1446 35.4062 44.3715 -99.0171 -23.5043
-97 10.1730 -8.2434 5.4435 2.8766 19.9100 6.1446 35.3693 44.3715 -98.8372 -23.5217
-96 24.4235 -8.0461 5.4435 2.8766 19.9845 6.1446 35.3319 44.3715 -98.6587 -23.5399
-95 10.0568 -7.8574 5.4435 2.8766 20.0535 6.1446 35.2940 44.3715 -98.4822 -23.5589
-94 11.7727 -7.6780 5.4435 2.8766 20.1172 6.1446 35.2555 44.3715 -98.3084 -23.5785
-93 23.9309 -7.5087 5.4435 2.8766 20.1753 6.1446 35.2165 44.3715 -98.1379 -23.5988
-92 20.6774 -7.3500 5.4435 2.8766 20.2280 6.1446 35.1769 44.3715 -97.9714 -23.6197
-91 9.5511 -7.2025 5.4435 2.8766 20.2751 6.1446 35.1369 44.3715 -97.8095 -23.6412
-90 14.5215 -7.0668 5.4435 2.8766 20.3167 6.1446 35.0963 44.3715 -97.6527 -23.6633
-89 14.8758 -6.9434 5.4435 2.8766 20.3526 6.1446 35.0552 44.3715 -97.5017 -23.6858
-88 17.7028 -6.8329 5.4435 2.8766 20.3830 6.1446 35.0136 44.3715 -97.3570 -23.7087
-87 12.0759 -6.7356 5.4435 2.8766 20.4077 6.1446 34.9716 44.3715 -97.2191 -23.7321
-86 18.3662 -6.6520 5.4435 2.8766 20.4269 6.1446 34.9291 44.3715 -97.0884 -23.7558
-85 15.9192 -6.5824 5.4435 2.8766 20.4404 6.1446 34.8861 44.3715 -96.9653 -23.7798
-84 13.0959 -6.5271 5.4435 2.8766 20.4484 6.1446 34.8426 44.3715 -96.8503 -23.8040
-83 12.6325 -6.4863 5.4435 2.8766 20.4507 6.1446 34.7988 44.3715 -96.7437 -23.8284
-82 11.2546 -6.4602 5.4435 2.8766 20.4476 6.1446 34.7545 44.3715 -96.6456 -23.8529
-81 17.4383 -6.4485 5.4435 2.8766 20.4389 6.1446 34.7098 44.3715 -96.5563 -23.8770
-80 22.8934 -6.4512 5.4435 2.8766 20.4247 6.1446 34.6647 44.3715 -96.4761 -23.9008
-79 17.3812 -6.4684 5.4435 2.8766 20.4052 6.1446 34.6192 44.3715 -96.4050 -23.9240
-78 13.1779 -6.5000 5.4435 2.8766 20.3802 6.1446 34.5734 44.3715 -96.3431 -23.9467
-77 17.6715 -6.5459 5.4435 2.8766 20.3500 6.1446 34.5272 44.3715 -96.2905 -23.9688
-76 15.2822 -6.6059 5.4435 2.8766 20.3145 6.1446 34.4807 44.3715 -96.2470 -23.9903
-75 14.8666 -6.6799 5.4435 2.8766 20.2739 6.1446 34.4338 44.3715 -96.2127 -24.0111
-74 11.9504 -6.7677 5.4435 2.8766 20.2281 6.1446 34.3867 44.3715 -96.1875 -24.0312
-73 8.8154 -6.8689 5.4435 2.8766 20.1774 6.1446 34.3393 44.3715 -96.1713 -24.0505
-72 23.9660 -6.9833 5.4435 2.8766 20.1217 6.1446 34.2916 44.3715 -96.1638 -24.0691
-71 15.3726 -7.1105 5.4435 2.8766 20.0613 6.1446 34.2436 44.3715 -96.1648 -24.0867
-70 15.7111 -7.2500 5.4435 2.8766 19.9961 6.1446 34.1955 44.3715 -96.1743 -24.1035
-69 16.5151 -7.4016 5.4435 2.8766 19.9263 6.1446 34.1471 44.3715 -96.1918 -24.1194
-68 16.8931 -7.5647 5.4435 2.8766 19.8520 6.1446 34.0985 44.3715 -96.2171 -24.1344
-67 15.1720 -7.7389 5.4435 2.8766 19.7734 6.1446 34.0498 44.3715 -96.2500 -24.1483
-66 19.5607 -7.9237 5.4435 2.8766 19.6905 6.1446 34.0009 44.3715 -96.2900 -24.1612
-65 15.6224 -8.1186 5.4435 2.8766 19.6035 6.1446 33.9519 44.3715 -96.3370 -24.1731
-64 17.4592 -8.3231 5.4435 2.8766 19.5124 6.1446 33.9028 44.3715 -96.3906 -24.1840
-63 18.4353 -8.5367 5.4435 2.8766 19.4176 6.1446 33.8536 44.3715 -96.4504 -24.1937
-62 13.1809 -8.7588 5.4435 2.8766 19.3190 6.1446 33.8044 44.3715 -96.5161 -24.2024
-61 5.9465 -8.9890 5.4435 2.8766 19.2169 6.1446 33.7551 44.3715 -96.5874 -24.2099
-60 13.6032 -9.2267 5.4435 2.8766 19.1114 6.1446 33.7058 44.3715 -96.6639 -24.2163
-59 11.9763 -9.4714 5.4435 2.8766 19.0027 6.1446 33.6566 44.3715 -96.7453 -24.2215
-58 8.0193 -9.7225 5.4435 2.8766 18.8908 6.1446 33.6073 44.3715 -96.8313 -24.2256
-57 8.5406 -9.9795 5.4435 2.8766 18.7760 6.1446 33.5582 44.3715 -96.9214 -24.2285
-56 9.7468 -10.2419 5.4435 2.8766 18.6585 6.1446 33.5091 44.3715 -97.0155 -24.2302
-55 13.5778 -10.5091 5.4435 2.8766 18.5383 6.1446 33.4601 44.3715 -97.1131 -24.2307
-54 8.8363 -10.7808 5.4435 2.8766 18.4157 6.1446 33.4113 44.3715 -97.2140 -24.2301
-53 8.7235 -11.0563 5.4435 2.8766 18.2909 6.1446 33.3627 44.3715 -97.3179 -24.2282
-52 12.2918 -11.3352 5.4435 2.8766 18.1640 6.1446 33.3142 44.3715 -97.4245 -24.2252
-51 12.5724 -11.6171 5.4435 2.8766 18.0352 6.1446 33.2660 44.3715 -97.5335 -24.2211
-50 12.6967 -11.9014 5.4435 2.8766 17.9048 6.1446 33.2180 44.3715 -97.6446 -24.2158
-49 13.3489 -12.1874 5.4435 2.8766 17.7727 6.1446 33.1703 44.3715 -97.7576 -24.2090
-48 6.9741 -12.4747 5.4435 2.8766 17.6394 6.1446 33.1229 44.3715 -97.8723 -24.2009
-47 6.0705 -12.7627 5.4435 2.8766 17.5048 6.1446 33.0759 44.3715 -97.9885 -24.1912
-46 18.6329 -13.0508 5.4435 2.8766 17.3693 6.1446 33.0292 44.3715 -98.1058 -24.1798
-45 7.6952 -13.3387 5.4435 2.8766 17.2330 6.1446 32.9829 44.3715 -98.2241 -24.1668
-44 8.6461 -13.6260 5.4435 2.8766 17.0962 6.1446 32.9370 44.3715 -98.3433 -24.1522
-43 11.4852 -13.9124 5.4435 2.8766 16.9589 6.1446 32.8916 44.3715 -98.4631 -24.1361
-42 4.8403 -14.1976 5.4435 2.8766 16.8213 6.1446 32.8467 44.3715 -98.5833 -24.1186
-41 12.3845 -14.4813 5.4435 2.8766 16.6838 6.1446 32.8023 44.3715 -98.7038 -24.0997
-40 5.5338 -14.7631 5.4435 2.8766 16.5464 6.1446 32.7584 44.3715 -98.8245 -24.0797
-39 6.0554 -15.0429 5.4435 2.8766 16.4094 6.1446 32.7151 44.3715 -98.9452 -24.0584
-38 14.2489 -15.3203 5.4435 2.8766 16.2728 6.1446 32.6724 44.3715 -99.0657 -24.0360
-37 3.8166 -15.5951 5.4435 2.8766 16.1370 6.1446 32.6303 44.3715 -99.1859 -24.0127
-36 4.5225 -15.8669 5.4435 2.8766 16.0021 6.1446 32.5888 44.3715 -99.3058 -23.9882
-35 8.3109 -16.1353 5.4435 2.8766 15.8683 6.1446 32.5481 44.3715 -99.4253 -23.9627
-34 5.8797 -16.4002 5.4435 2.8766 15.7357 6.1446 32.5081 44.3715 -99.5441 -23.9362
-33 2.9368 -16.6613 5.4435 2.8766 15.6046 6.1446 32.4688 44.3715 -99.6623 -23.9087
-32 5.4903 -16.9185 5.4435 2.8766 15.4751 6.1446 32.4303 44.3715 -99.7797 -23.8804
-31 3.2720 -17.1715 5.4435 2.8766 15.3474 6.1446 32.3926 44.3715 -99.8963 -23.8514
-30 7.1356 -17.4201 5.4435 2.8766 15.2217 6.1446 32.3557 44.3715 -100.0120 -23.8217
-29 11.0666 -17.6642 5.4435 2.8766 15.0981 6.1446 32.3197 44.3715 -100.1267 -23.7915
-28 5.1365 -17.9037 5.4435 2.8766 14.9768 6.1446 32.2846 44.3715 -100.2405 -23.7608
-27 7.1085 -18.1382 5.4435 2.8766 14.8580 6.1446 32.2503 44.3715 -100.3531 -23.7296
-26 2.6882 -18.3678 5.4435 2.8766 14.7417 6.1446 32.2170 44.3715 -100.4647 -23.6981
-25 5.6165 -18.5921 5.4435 2.8766 14.6283 6.1446 32.1847 44.3715 -100.5751 -23.6663
-24 7.9848 -18.8111 5.4435 2.8766 14.5178 6.1446 32.1534 44.3715 -100.6842 -23.6343
-23 11.1396 -19.0247 5.4435 2.8766 14.4104 6.1446 32.1231 44.3715 -100.7922 -23.6022
-22 7.5813 -19.2327 5.4435 2.8766 14.3062 6.1446 32.0938 44.3715 -100.8989 -23.5700
-21 -2.9587 -19.4350 5.4435 2.8766 14.2053 6.1446 32.0656 44.3715 -101.0043 -23.5378
-20 6.1898 -19.6314 5.4435 2.8766 14.1080 6.1446 32.0384 44.3715 -101.1084 -23.5057
-19 1.6984 -19.8219 5.4435 2.8766 14.0143 6.1446 32.0124 44.3715 -101.2111 -23.4736
-18 4.5536 -20.0063 5.4435 2.8766 13.9243 6.1446 31.9875 44.3715 -101.3125 -23.4418
-17 2.3051 -20.1846 5.4435 2.8766 13.8382 6.1446 31.9637 44.3715 -101.4126 -23.4101
-16 2.1177 -20.3566 5.4435 2.8766 13.7561 6.1446 31.9411 44.3715 -101.5112 -23.3788
-15 -2.6412 -20.5223 5.4435 2.8766 13.6780 6.1446 31.9197 44.3715 -101.6085 -23.3477
-14 -4.2053 -20.6816 5.4435 2.8766 13.6042 6.1446 31.8995 44.3715 -101.7044 -23.3171
-13 -2.8340 -20.8344 5.4435 2.8766 13.5347 6.1446 31.8805 44.3715 -101.7989 -23.2869
-12 0.1728 -20.9806 5.4435 2.8766 13.4695 6.1446 31.8628 44.3715 -101.8919 -23.2572
-11 7.6307 -21.1203 5.4435 2.8766 13.4088 6.1446 31.8463 44.3715 -101.9836 -23.2280
-10 4.4350 -21.2532 5.4435 2.8766 13.3527 6.1446 31.8311 44.3715 -102.0739 -23.1993
-9 -2.5931 -21.3795 5.4435 2.8766 13.3012 6.1446 31.8171 44.3715 -102.1627 -23.1713
-8 -0.9728 -21.4990 5.4435 2.8766 13.2544 6.1446 31.8045 44.3715 -102.2502 -23.1439
-7 -2.0329 -21.6117 5.4435 2.8766 13.2124 6.1446 31.7931 44.3715 -102.3362 -23.1172
-6 3.7193 -21.7176 5.4435 2.8766 13.1751 6.1446 31.7831 44.3715 -102.4209 -23.0912
-5 -3.0819 -21.8167 5.4435 2.8766 13.1428 6.1446 31.7744 44.3715 -102.5041 -23.0659
-4 -1.1168 -21.9089 5.4435 2.8766 13.1153 6.1446 31.7670 44.3715 -102.5860 -23.0414
-3 -3.0271 -21.9943 5.4435 2.8766 13.0928 6.1446 31.7609 44.3715 -102.6665 -23.0177
-2 2.5860 -22.0728 5.4435 2.8766 13.0752 6.1446 31.7562 44.3715 -102.7456 -22.9949
-1 -2.5252 -22.1445 5.4435 2.8766 13.0627 6.1446 31.7528 44.3715 -102.8234 -22.9729
0 -4.8695 -22.2093 5.4435 2.8766 13.0552 6.1446 31.7508 44.3715 -102.8998 -22.9517
1 -3.1300 -22.2673 5.4435 2.8766 13.0526 6.1446 31.7501 44.3715 -102.9748 -22.9315
2 -0.7802 -22.3185 5.4435 2.8766 13.0552 6.1446 31.7508 44.3715 -103.0485 -22.9122
3 4.9470 -22.3630 5.4435 2.8766 13.0627 6.1446 31.7528 44.3715 -103.1209 -22.8938
4 -5.4054 -22.4007 5.4435 2.8766 13.0752 6.1446 31.7562 44.3715 -103.1919 -22.8764
5 6.5459 -22.4318 5.4435 2.8766 13.0928 6.1446 31.7609 44.3715 -103.2617 -22.8600
6 0.0454 -22.4562 5.4435 2.8766 13.1153 6.1446 31.7670 44.3715 -103.3302 -22.8446
7 -1.1576 -22.4741 5.4435 2.8766 13.1428 6.1446 31.7744 44.3715 -103.3973 -22.8302
8 -5.4706 -22.4856 5.4435 2.8766 13.1751 6.1446 31.7831 44.3715 -103.4632 -22.8168
9 -5.7697 -22.4906 5.4435 2.8766 13.2124 6.1446 31.7931 44.3715 -103.5279 -22.8044
10 3.7032 -22.4893 5.4435 2.8766 13.2544 6.1446 31.8045 44.3715 -103.5912 -22.7931
11 -4.7626 -22.4817 5.4435 2.8766 13.3012 6.1446 31.8171 44.3715 -103.6534 -22.7828
12 -2.4095 -22.4679 5.4435 2.8766 13.3527 6.1446 31.8311 44.3715 -103.7143 -22.7736
13 4.4426 -22.4481 5.4435 2.8766 13.4088 6.1446 31.8463 44.3715 -103.7740 -22.7655
14 2.6577 -22.4224 5.4435 2.8766 13.4695 6.1446 31.8628 44.3715 -103.8325 -22.7584
15 2.5254 -22.3908 5.4435 2.8766 13.5346 6.1446 31.8805 44.3715 -103.8898 -22.7524
16 -2.0498 -22.3534 5.4435 2.8766 13.6042 6.1446 31.8995 44.3715 -103.9459 -22.7474
17 1.3709 -22.3104 5.4435 2.8766 13.6780 6.1446 31.9197 44.3715 -104.0008 -22.7435
18 1.2143 -22.2619 5.4435 2.8766 13.7561 6.1446 31.9411 44.3715 -104.0546 -22.7407
19 -4.2501 -22.2081 5.4435 2.8766 13.8382 6.1446 31.9637 44.3715 -104.1073 -22.7389
20 4.8236 -22.1490 5.4435 2.8766 13.9243 6.1446 31.9875 44.3715 -104.1588 -22.7382
21 -3.4626 -22.0849 5.4435 2.8766 14.0143 6.1446 32.0124 44.3715 -104.2092 -22.7386
22 -3.6594 -22.0158 5.4435 2.8766 14.1080 6.1446 32.0384 44.3715 -104.2584 -22.7400
23 -1.9179 -21.9419 5.4435 2.8766 14.2053 6.1446 32.0656 44.3715 -104.3066 -22.7425
24 0.0185 -21.8634 5.4435 2.8766 14.3062 6.1446 32.0938 44.3715 -104.3537 -22.7460
25 4.3697 -21.7805 5.4435 2.8766 14.4104 6.1446 32.1231 44.3715 -104.3996 -22.7505
26 -0.1712 -21.6932 5.4435 2.8766 14.5178 6.1446 32.1534 44.3715 -104.4446 -22.7561
27 3.0255 -21.6018 5.4435 2.8766 14.6283 6.1446 32.1847 44.3715 -104.4884 -22.7627
28 -0.4232 -21.5065 5.4435 2.8766 14.7417 6.1446 32.2170 44.3715 -104.5312 -22.7703
29 1.6874 -21.4073 5.4435 2.8766 14.8580 6.1446 32.2503 44.3715 -104.5730 -22.7788
30 3.7020 -21.3046 5.4435 2.8766 14.9768 6.1446 32.2846 44.3715 -104.6137 -22.7884
31 -0.3948 -21.1984 5.4435 2.8766 15.0981 6.1446 32.3197 44.3715 -104.6534 -22.7990
32 -3.0903 -21.0890 5.4435 2.8766 15.2217 6.1446 32.3557 44.3715 -104.6922 -22.8105
33 2.2855 -20.9766 5.4435 2.8766 15.3474 6.1446 32.3926 44.3715 -104.7299 -22.8230
34 2.7105 -20.8614 5.4435 2.8766 15.4751 6.1446 32.4303 44.3715 -104.7666 -22.8364
35 -2.5967 -20.7434 5.4435 2.8766 15.6046 6.1446 32.4688 44.3715 -104.8023 -22.8508
36 5.6136 -20.6231 5.4435 2.8766 15.7357 6.1446 32.5081 44.3715 -104.8371 -22.8660
37 -0.1745 -20.5004 5.4435 2.8766 15.8683 6.1446 32.5481 44.3715 -104.8709 -22.8822
38 3.4167 -20.3757 5.4435 2.8766 16.0021 6.1446 32.5888 44.3715 -104.9037 -22.8992
39 2.0300 -20.2491 5.4435 2.8766 16.1370 6.1446 32.6303 44.3715 -104.9356 -22.9170
40 1.8711 -20.1209 5.4435 2.8766 16.2728 6.1446 32.6724 44.3715 -104.9666 -22.9357
41 -0.7339 -19.9911 5.4435 2.8766 16.4094 6.1446 32.7151 44.3715 -104.9966 -22.9552
42 4.9506 -19.8602 5.4435 2.8766 16.5464 6.1446 32.7584 44.3715 -105.0257 -22.9755
43 4.0425 -19.7281 5.4435 2.8766 16.6838 6.1446 32.8023 44.3715 -105.0539 -22.9965
44 -2.6159 -19.5952 5.4435 2.8766 16.8213 6.1446 32.8467 44.3715 -105.0812 -23.0183
45 0.1471 -19.4616 5.4435 2.8766 16.9589 6.1446 32.8916 44.3715 -105.1075 -23.0408
46 -2.3647 -19.3275 5.4435 2.8766 17.0962 6.1446 32.9370 44.3715 -105.1330 -23.0639
47 0.1519 -19.1932 5.4435 2.8766 17.2330 6.1446 32.9829 44.3715 -105.1576 -23.0877
48 0.0238 -19.0588 5.4435 2.8766 17.3693 6.1446 33.0292 44.3715 -105.1814 -23.1122
49 6.4266 -18.9245 5.4435 2.8766 17.5048 6.1446 33.0759 44.3715 -105.2042 -23.1372
50 4.0286 -18.7905 5.4435 2.8766 17.6394 6.1446 33.1229 44.3715 -105.2262 -23.1628
51 6.9165 -18.6570 5.4435 2.8766 17.7727 6.1446 33.1703 44.3715 -105.2473 -23.1889
52 -0.0259 -18.5242 5.4435 2.8766 17.9048 6.1446 33.2180 44.3715 -105.2676 -23.2155
53 0.0061 -18.3923 5.4435 2.8766 18.0352 6.1446 33.2660 44.3715 -105.2871 -23.2427
54 4.9720 -18.2615 5.4435 2.8766 18.1640 6.1446 33.3142 44.3715 -105.3057 -23.2703
55 7.6373 -18.1320 5.4435 2.8766 18.2909 6.1446 33.3627 44.3715 -105.3234 -23.2984
56 5.3745 -18.0041 5.4435 2.8766 18.4157 6.1446 33.4113 44.3715 -105.3404 -23.3269
57 6.7656 -17.8778 5.4435 2.8766 18.5383 6.1446 33.4601 44.3715 -105.3565 -23.3559
58 5.0719 -17.7534 5.4435 2.8766 18.6585 6.1446 33.5091 44.3715 -105.3718 -23.3853
59 4.0975 -17.6311 5.4435 2.8766 18.7760 6.1446 33.5582 44.3715 -105.3863 -23.4151
60 12.3965 -17.5110 5.4435 2.8766 18.8908 6.1446 33.6073 44.3715 -105.4000 -23.4453
61 10.7590 -17.3934 5.4435 2.8766 19.0026 6.1446 33.6566 44.3715 -105.4129 -23.4759
62 5.3135 -17.2784 5.4435 2.8766 19.1114 6.1446 33.7058 44.3715 -105.4250 -23.5068
63 2.2953 -17.1661 5.4435 2.8766 19.2169 6.1446 33.7551 44.3715 -105.4363 -23.5381
64 -0.0558 -17.0568 5.4435 2.8766 19.3190 6.1446 33.8044 44.3715 -105.4469 -23.5696
65 5.4573 -16.9506 5.4435 2.8766 19.4176 6.1446 33.8536 44.3715 -105.4566 -23.6015
66 1.6094 -16.8477 5.4435 2.8766 19.5124 6.1446 33.9028 44.3715 -105.4656 -23.6336
67 8.2378 -16.7482 5.4435 2.8766 19.6034 6.1446 33.9519 44.3715 -105.4738 -23.6660
68 11.6103 -16.6522 5.4435 2.8766 19.6905 6.1446 34.0009 44.3715 -105.4813 -23.6986
69 -0.5566 -16.5600 5.4435 2.8766 19.7734 6.1446 34.0498 44.3715 -105.4880 -23.7314
70 6.4570 -16.4716 5.4435 2.8766 19.8520 6.1446 34.0985 44.3715 -105.4939 -23.7644
71 0.1635 -16.3871 5.4435 2.8766 19.9263 6.1446 34.1471 44.3715 -105.4991 -23.7976
72 11.3584 -16.3068 5.4435 2.8766 19.9961 6.1446 34.1955 44.3715 -105.5035 -23.8310
73 5.3849 -16.2306 5.4435 2.8766 20.0613 6.1446 34.2436 44.3715 -105.5072 -23.8645
74 2.6305 -16.1588 5.4435 2.8766 20.1217 6.1446 34.2916 44.3715 -105.5102 -23.8981
75 5.4076 -16.0914 5.4435 2.8766 20.1774 6.1446 34.3393 44.3715 -105.5124 -23.9319
76 9.3545 -16.0286 5.4435 2.8766 20.2281 6.1446 34.3867 44.3715 -105.5140 -23.9657
77 9.6636 -15.9704 5.4435 2.8766 20.2739 6.1446 34.4338 44.3715 -105.5148 -23.9995
78 -0.4176 -15.9168 5.4435 2.8766 20.3145 6.1446 34.4807 44.3715 -105.5148 -24.0334
79 5.5217 -15.8681 5.4435 2.8766 20.3500 6.1446 34.5272 44.3715 -105.5142 -24.0673
80 8.0691 -15.8242 5.4435 2.8766 20.3802 6.1446 34.5734 44.3715 -105.5128 -24.1013
81 5.9809 -15.7853 5.4435 2.8766 20.4052 6.1446 34.6192 44.3715 -105.5108 -24.1352
82 5.6364 -15.7514 5.4435 2.8766 20.4247 6.1446 34.6647 44.3715 -105.5080 -24.1690
83 6.4062 -15.7225 5.4435 2.8766 20.4389 6.1446 34.7098 44.3715 -105.5046 -24.2028
84 0.5322 -15.6987 5.4435 2.8766 20.4476 6.1446 34.7545 44.3715 -105.5004 -24.2365
85 10.6988 -15.6800 5.4435 2.8766 20.4507 6.1446 34.7988 44.3715 -105.4956 -24.2701
86 2.5871 -15.6665 5.4435 2.8766 20.4484 6.1446 34.8426 44.3715 -105.4901 -24.3036
87 9.2125 -15.6582 5.4435 2.8766 20.4404 6.1446 34.8861 44.3715 -105.4839 -24.3370
88 7.5997 -15.6550 5.4435 2.8766 20.4269 6.1446 34.9291 44.3715 -105.4770 -24.3702
89 10.2743 -15.6571 5.4435 2.8766 20.4077 6.1446 34.9716 44.3715 -105.4695 -24.4032
90 1.0221 -15.6644 5.4435 2.8766 20.3830 6.1446 35.0136 44.3715 -105.4613 -24.4360
91 -1.8206 -15.6769 5.4435 2.8766 20.3526 6.1446 35.0552 44.3715 -105.4525 -24.4685
92 4.7997 -15.6946 5.4435 2.8766 20.3167 6.1446 35.0963 44.3715 -105.4430 -24.5008
93 2.1698 -15.7175 5.4435 2.8766 20.2751 6.1446 35.1369 44.3715 -105.4328 -24.5329
94 8.4282 -15.7456 5.4435 2.8766 20.2280 6.1446 35.1769 44.3715 -105.4221 -24.5647
95 8.8505 -15.7787 5.4435 2.8766 20.1753 6.1446 35.2165 44.3715 -105.4106 -24.5961
96 2.9350 -15.8169 5.4435 2.8766 20.1172 6.1446 35.2555 44.3715 -105.3986 -24.6273
97 10.3984 -15.8602 5.4435 2.8766 20.0535 6.1446 35.2940 44.3715 -105.3859 -24.6580
98 10.0900 -15.9084 5.4435 2.8766 19.9845 6.1446 35.3319 44.3715 -105.3726 -24.6884
99 4.9119 -15.9615 5.4435 2.8766 19.9100 6.1446 35.3693 44.3715 -105.3587 -24.7184
100 6.5683 -16.0195 5.4435 2.8766 19.8303 6.1446 35.4062 44.3715 -105.3442 -24.7480
101 6.3959 -16.0822 5.4435 2.8766 19.7453 6.1446 35.4424 44.3715 -105.3291 -24.7771
102 7.1042 -16.1496 5.4435 2.8766 19.6552 6.1446 35.4782 44.3715 -105.3134 -24.8057
103 3.1501 -16.2215 5.4435 2.8766 19.5599 6.1446 35.5133 44.3715 -105.2971 -24.8339
104 5.5656 -16.2980 5.4435 2.8766 19.4597 6.1446 35.5479 44.3715 -105.2802 -24.8615
105 11.6611 -16.3788 5.4435 2.8766 19.3545 6.1446 35.5818 44.3715 -105.2628 -24.8886
106 4.6288 -16.4638 5.4435 2.8766 19.2446 6.1446 35.6152 44.3715 -105.2448 -24.9151
107 6.6092 -16.5530 5.4435 2.8766 19.1300 6.1446 35.6480 44.3715 -105.2262 -24.9410
108 7.4550 -16.6463 5.4435 2.8766 19.0107 6.1446 35.6803 44.3715 -105.2071 -24.9663
109 3.1481 -16.7434 5.4435 2.8766 18.8870 6.1446 35.7119 44.3715 -105.1875 -24.9910
110 -0.9487 -16.8443 5.4435 2.8766 18.7589 6.1446 35.7429 44.3715 -105.1673 -25.0150
111 6.8595 -16.9488 5.4435 2.8766 18.6266 6.1446 35.7733 44.3715 -105.1466 -25.0384
112 0.4734 -17.0569 5.4435 2.8766 18.4902 6.1446 35.8032 44.3715 -105.1255 -25.0610
113 4.2309 -17.1683 5.4435 2.8766 18.3499 6.1446 35.8324 44.3715 -105.1038 -25.0830
114 5.0993 -17.2831 5.4435 2.8766 18.2057 6.1446 35.8611 44.3715 -105.0816 -25.1045
115 3.6828 -17.4011 5.4435 2.8766 18.0578 6.1446 35.8891 44.3715 -105.0589 -25.1254
116 8.4780 -17.5222 5.4435 2.8766 17.9065 6.1446 35.9166 44.3715 -105.0358 -25.1457
117 7.9975 -17.6462 5.4435 2.8766 17.7518 6.1446 35.9434 44.3715 -105.0122 -25.1654
118 8.6847 -17.7730 5.4435 2.8766 17.5939 6.1446 35.9697 44.3715 -104.9882 -25.1846
119 7.9017 -17.9024 5.4435 2.8766 17.4329 6.1446 35.9953 44.3715 -104.9637 -25.2032
120 8.8671 -18.0343 5.4435 2.8766 17.2691 6.1446 36.0204 44.3715 -104.9389 -25.2212
121 0.7827 -18.1685 5.4435 2.8766 17.1026 6.1446 36.0449 44.3715 -104.9136 -25.2387
122 3.8814 -18.3049 5.4435 2.8766 16.9336 6.1446 36.0688 44.3715 -104.8879 -25.2557
123 3.8629 -18.4432 5.4435 2.8766 16.7623 6.1446 36.0921 44.3715 -104.8618 -25.2720
124 4.9794 -18.5833 5.4435 2.8766 16.5888 6.1446 36.1149 44.3715 -104.8354 -25.2878
125 1.9970 -18.7249 5.4435 2.8766 16.4134 6.1446 36.1370 44.3715 -104.8086 -25.3029
126 -0.0501 -18.8680 5.4435 2.8766 16.2361 6.1446 36.1586 44.3715 -104.7815 -25.3175
127 2.4135 -19.0122 5.4435 2.8766 16.0573 6.1446 36.1796 44.3715 -104.7540 -25.3314
128 2.1199 -19.1575 5.4435 2.8766 15.8771 6.1446 36.2001 44.3715 -104.7263 -25.3447
129 5.5457 -19.3035 5.4435 2.8766 15.6957 6.1446 36.2200 44.3715 -104.6982 -25.3573
130 -2.5704 -19.4502 5.4435 2.8766 15.5133 6.1446 36.2393 44.3715 -104.6699 -25.3692
131 1.9167 -19.5973 5.4435 2.8766 15.3301 6.1446 36.2581 44.3715 -104.6413 -25.3805
132 2.1918 -19.7447 5.4435 2.8766 15.1463 6.1446 36.2764 44.3715 -104.6124 -25.3912
133 7.1377 -19.8920 5.4435 2.8766 14.9621 6.1446 36.2941 44.3715 -104.5834 -25.4011
134 -1.7268 -20.0392 5.4435 2.8766 14.7777 6.1446 36.3113 44.3715 -104.5541 -25.4103
135 5.6120 -20.1859 5.4435 2.8766 14.5933 6.1446 36.3280 44.3715 -104.5246 -25.4188
136 5.2707 -20.3321 5.4435 2.8766 14.4091 6.1446 36.3441 44.3715 -104.4950 -25.4266
137 6.1618 -20.4775 5.4435 2.8766 14.2254 6.1446 36.3598 44.3715 -104.4652 -25.4337
138 3.9078 -20.6219 5.4435 2.8766 14.0422 6.1446 36.3749 44.3715 -104.4352 -25.4400
139 0.3498 -20.7651 5.4435 2.8766 13.8598 6.1446 36.3895 44.3715 -104.4051 -25.4456
140 0.0137 -20.9069 5.4435 2.8766 13.6785 6.1446 36.4037 44.3715 -104.3750 -25.4503
141 6.6383 -21.0471 5.4435 2.8766 13.4984 6.1446 36.4174 44.3715 -104.3447 -25.4543
142 -1.6554 -21.1855 5.4435 2.8766 13.3197 6.1446 36.4306 44.3715 -104.3144 -25.4575
143 7.1641 -21.3220 5.4435 2.8766 13.1426 6.1446 36.4433 44.3715 -104.2840 -25.4601
144 -3.1611 -21.4563 5.4435 2.8766 12.9673 6.1446 36.4556 44.3715 -104.2536 -25.4618
145 -1.7048 -21.5884 5.4435 2.8766 12.7940 6.1446 36.4674 44.3715 -104.2231 -25.4629
146 -1.7198 -21.7179 5.4435 2.8766 12.6230 6.1446 36.4787 44.3715 -104.1927 -25.4632
147 3.9187 -21.8448 5.4435 2.8766 12.4543 6.1446 36.4897 44.3715 -104.1623 -25.4627
148 6.0634 -21.9689 5.4435 2.8766 12.2882 6.1446 36.5002 44.3715 -104.1320 -25.4615
149 -4.1201 -22.0899 5.4435 2.8766 12.1248 6.1446 36.5103 44.3715 -104.1017 -25.4596
150 -3.1221 -22.2078 5.4435 2.8766 11.9644 6.1446 36.5200 44.3715 -104.0714 -25.4570
151 -0.2316 -22.3223 5.4435 2.8766 11.8072 6.1446 36.5292 44.3715 -104.0413 -25.4537
152 -2.8426 -22.4333 5.4435 2.8766 11.6532 6.1446 36.5381 44.3715 -104.0113 -25.4496
153 0.3953 -22.5406 5.4435 2.8766 11.5027 6.1446 36.5466 44.3715 -103.9815 -25.4448
154 -5.7542 -22.6440 5.4435 2.8766 11.3559 6.1446 36.5547 44.3715 -103.9517 -25.4392
155 -0.5841 -22.7435 5.4435 2.8766 11.2129 6.1446 36.5625 44.3715 -103.9222 -25.4329
156 -0.1690 -22.8387 5.4435 2.8766 11.0738 6.1446 36.5698 44.3715 -103.8928 -25.4258
157 0.5573 -22.9296 5.4435 2.8766 10.9389 6.1446 36.5769 44.3715 -103.8637 -25.4179
158 -1.9673 -23.0160 5.4435 2.8766 10.8083 6.1446 36.5835 44.3715 -103.8347 -25.4093
159 -4.4621 -23.0979 5.4435 2.8766 10.6820 6.1446 36.5899 44.3715 -103.8060 -25.4000
160 -1.2977 -23.1750 5.4435 2.8766 10.5604 6.1446 36.5959 44.3715 -103.7776 -25.3899
161 -0.8509 -23.2472 5.4435 2.8766 10.4434 6.1446 36.6015 44.3715 -103.7494 -25.3790
162 5.6491 -23.3144 5.4435 2.8766 10.3313 6.1446 36.6069 44.3715 -103.7215 -25.3674
163 -4.2553 -23.3766 5.4435 2.8766 10.2242 6.1446 36.6119 44.3715 -103.6939 -25.3550
164 -2.8173 -23.4335 5.4435 2.8766 10.1221 6.1446 36.6166 44.3715 -103.6666 -25.3418
165 1.8665 -23.4850 5.4435 2.8766 10.0252 6.1446 36.6210 44.3715 -103.6396 -25.3278
166 0.4565 -23.5311 5.4435 2.8766 9.9337 6.1446 36.6251 44.3715 -103.6130 -25.3131
167 -4.1275 -23.5716 5.4435 2.8766 9.8475 6.1446 36.6289 44.3715 -103.5868 -25.2975
168 0.6244 -23.6065 5.4435 2.8766 9.7669 6.1446 36.6325 44.3715 -103.5609 -25.2812
169 4.2371 -23.6356 5.4435 2.8766 9.6919 6.1446 36.6357 44.3715 -103.5354 -25.2641
170 8.9019 -23.6590 5.4435 2.8766 9.6225 6.1446 36.6387 44.3715 -103.5103 -25.2461
171 -2.5935 -23.6764 5.4435 2.8766 9.5589 6.1446 36.6414 44.3715 -103.4856 -25.2273
172 -5.5055 -23.6878 5.4435 2.8766 9.5012 6.1446 36.6438 44.3715 -103.4614 -25.2076
173 2.1705 -23.6932 5.4435 2.8766 9.4493 6.1446 36.6460 44.3715 -103.4376 -25.1871
174 1.9174 -23.6924 5.4435 2.8766 9.4034 6.1446 36.6479 44.3715 -103.4143 -25.1657
175 -2.6315 -23.6856 5.4435 2.8766 9.3636 6.1446 36.6495 44.3715 -103.3914 -25.1435
176 -2.1898 -23.6725 5.4435 2.8766 9.3298 6.1446 36.6509 44.3715 -103.3691 -25.1203
177 -8.8529 -23.6532 5.4435 2.8766 9.3020 6.1446 36.6521 44.3715 -103.3472 -25.0963
178 -4.2027 -23.6275 5.4435 2.8766 9.2804 6.1446 36.6529 44.3715 -103.3259 -25.0713
179 -3.1879 -23.5956 5.4435 2.8766 9.2650 6.1446 36.6536 44.3715 -103.3050 -25.0454
180 -0.8735 -23.5574 5.4435 2.8766 9.2557 6.1446 36.6539 44.3715 -103.2848 -25.0185
