-180 -24.9907
-179 -24.9907
-178 -24.9619
-177 -24.9323
-176 -24.9020
-175 -24.8711
-174 -24.8395
-173 -24.8072
-172 -24.7742
-171 -24.7406
-170 -24.7062
-169 -24.6711
-168 -24.6352
-167 -24.5986
-166 -24.5612
-165 -24.5229
-164 -24.4842
-163 -24.4450
-162 -24.4055
-161 -24.3656
-160 -24.3257
-159 -24.2857
-158 -24.2458
-157 -24.2059
-156 -24.1663
-155 -24.1274
-154 -24.0891
-153 -24.0515
-152 -24.0146
-151 -23.9786
-150 -23.9433
-149 -23.9090
-148 -23.8755
-147 -23.8429
-146 -23.8113
-145 -23.7807
-144 -23.7512
-143 -23.7226
-142 -23.6952
-141 -23.6688
-140 -23.6436
-139 -23.6195
-138 -23.5966
-137 -23.5748
-136 -23.5538
-135 -23.5337
-134 -23.5144
-133 -23.4961
-132 -23.4787
-131 -23.4623
-130 -23.4468
-129 -23.4324
-128 -23.4189
-127 -23.4065
-126 -23.3952
-125 -23.3849
-124 -23.3756
-123 -23.3675
-122 -23.3605
-121 -23.3546
-120 -23.3498
-119 -23.3461
-118 -23.3436
-117 -23.3422
-116 -23.3419
-115 -23.3428
-114 -23.3446
-113 -23.3475
-112 -23.3513
-111 -23.3561
-110 -23.3619
-109 -23.3687
-108 -23.3764
-107 -23.3851
-106 -23.3947
-105 -23.4053
-104 -23.4168
-103 -23.4292
-102 -23.4425
-101 -23.4567
-100 -23.4717
-99 -23.4876
-98 -23.5043
-97 -23.5217
-96 -23.5399
-95 -23.5589
-94 -23.5785
-93 -23.5988
-92 -23.6197
-91 -23.6412
-90 -23.6633
-89 -23.6858
-88 -23.7087
-87 -23.7321
-86 -23.7558
-85 -23.7798
-84 -23.8040
-83 -23.8284
-82 -23.8529
-81 -23.8770
-80 -23.9008
-79 -23.9240
-78 -23.9467
-77 -23.9688
-76 -23.9903
-75 -24.0111
-74 -24.0312
-73 -24.0505
-72 -24.0691
-71 -24.0867
-70 -24.1035
-69 -24.1194
-68 -24.1344
-67 -24.1483
-66 -24.1612
-65 -24.1731
-64 -24.1840
-63 -24.1937
-62 -24.2024
-61 -24.2099
-60 -24.2163
-59 -24.2215
-58 -24.2256
-57 -24.2285
-56 -24.2302
-55 -24.2307
-54 -24.2301
-53 -24.2282
-52 -24.2252
-51 -24.2211
-50 -24.2158
-49 -24.2090
-48 -24.2009
-47 -24.1912
-46 -24.1798
-45 -24.1668
-44 -24.1522
-43 -24.1361
-42 -24.1186
-41 -24.0997
-40 -24.0797
-39 -24.0584
-38 -24.0360
-37 -24.0127
-36 -23.9882
-35 -23.9627
-34 -23.9362
-33 -23.9087
-32 -23.8804
-31 -23.8514
-30 -23.8217
-29 -23.7915
-28 -23.7608
-27 -23.7296
-26 -23.6981
-25 -23.6663
-24 -23.6343
-23 -23.6022
-22 -23.5700
-21 -23.5378
-20 -23.5057
-19 -23.4736
-18 -23.4418
-17 -23.4101
-16 -23.3788
-15 -23.3477
-14 -23.3171
-13 -23.2869
-12 -23.2572
-11 -23.2280
-10 -23.1993
-9 -23.1713
-8 -23.1439
-7 -23.1172
-6 -23.0912
-5 -23.0659
-4 -23.0414
-3 -23.0177
-2 -22.9949
-1 -22.9729
0 -22.9517
1 -22.9315
2 -22.9122
3 -22.8938
4 -22.8764
5 -22.8600
6 -22.8446
7 -22.8302
8 -22.8168
9 -22.8044
10 -22.7931
11 -22.7828
12 -22.7736
13 -22.7655
14 -22.7584
15 -22.7524
16 -22.7474
17 -22.7435
18 -22.7407
19 -22.7389
20 -22.7382
21 -22.7386
22 -22.7400
23 -22.7425
24 -22.7460
25 -22.7505
26 -22.7561
27 -22.7627
28 -22.7703
29 -22.7788
30 -22.7884
31 -22.7990
32 -22.8105
33 -22.8230
34 -22.8364
35 -22.8508
36 -22.8660
37 -22.8822
38 -22.8992
39 -22.9170
40 -22.9357
41 -22.9552
42 -22.9755
43 -22.9965
44 -23.0183
45 -23.0408
46 -23.0639
47 -23.0877
48 -23.1122
49 -23.1372
50 -23.1628
51 -23.1889
52 -23.2155
53 -23.2427
54 -23.2703
55 -23.2984
56 -23.3269
57 -23.3559
58 -23.3853
59 -23.4151
60 -23.4453
61 -23.4759
62 -23.5068
63 -23.5381
64 -23.5696
65 -23.6015
66 -23.6336
67 -23.6660
68 -23.6986
69 -23.7314
70 -23.7644
71 -23.7976
72 -23.8310
73 -23.8645
74 -23.8981
75 -23.9319
76 -23.9657
77 -23.9995
78 -24.0334
79 -24.0673
80 -24.1013
81 -24.1352
82 -24.1690
83 -24.2028
84 -24.2365
85 -24.2701
86 -24.3036
87 -24.3370
88 -24.3702
89 -24.4032
90 -24.4360
91 -24.4685
92 -24.5008
93 -24.5329
94 -24.5647
95 -24.5961
96 -24.6273
97 -24.6580
98 -24.6884
99 -24.7184
100 -24.7480
101 -24.7771
102 -24.8057
103 -24.8339
104 -24.8615
105 -24.8886
106 -24.9151
107 -24.9410
108 -24.9663
109 -24.9910
110 -25.0150
111 -25.0384
112 -25.0610
113 -25.0830
114 -25.1045
115 -25.1254
116 -25.1457
117 -25.1654
118 -25.1846
119 -25.2032
120 -25.2212
121 -25.2387
122 -25.2557
123 -25.2720
124 -25.2878
125 -25.3029
126 -25.3175
127 -25.3314
128 -25.3447
129 -25.3573
130 -25.3692
131 -25.3805
132 -25.3912
133 -25.4011
134 -25.4103
135 -25.4188
136 -25.4266
137 -25.4337
138 -25.4400
139 -25.4456
140 -25.4503
141 -25.4543
142 -25.4575
143 -25.4601
144 -25.4618
145 -25.4629
146 -25.4632
147 -25.4627
148 -25.4615
149 -25.4596
150 -25.4570
151 -25.4537
152 -25.4496
153 -25.4448
154 -25.4392
155 -25.4329
156 -25.4258
157 -25.4179
158 -25.4093
159 -25.4000
160 -25.3899
161 -25.3790
162 -25.3674
163 -25.3550
164 -25.3418
165 -25.3278
166 -25.3131
167 -25.2975
168 -25.2812
169 -25.2641
170 -25.2461
171 -25.2273
172 -25.2076
173 -25.1871
174 -25.1657
175 -25.1435
176 -25.1203
177 -25.0963
178 -25.0713
179 -25.0454
180 -25.0185
181 -24.9907
