-180 0.0
-179 0.0
-178 0.0509
-177 0.108
-176 0.171
-175 0.24
-174 0.3148
-173 0.3956
-172 0.4822
-171 0.5745
-170 0.6726
-169 0.7764
-168 0.8858
-167 1.0007
-166 1.1212
-165 1.247
-164 1.3779
-163 1.5135
-162 1.6538
-161 1.7987
-160 1.9477
-159 2.1007
-158 2.2575
-157 2.4179
-156 2.5818
-155 2.7485
-154 2.918
-153 3.09
-152 3.2645
-151 3.4413
-150 3.6203
-149 3.8014
-148 3.9844
-147 4.1693
-146 4.3559
-145 4.5441
-144 4.7339
-143 4.9253
-142 5.1181
-141 5.3122
-140 5.5078
-139 5.7047
-138 5.903
-137 6.1027
-136 6.3041
-135 6.5073
-134 6.7123
-133 6.9191
-132 7.1277
-131 7.3382
-130 7.5506
-129 7.765
-128 7.9815
-127 8.2
-126 8.4207
-125 8.6436
-124 8.8687
-123 9.096
-122 9.3255
-121 9.5573
-120 9.7913
-119 10.0274
-118 10.2656
-117 10.5058
-116 10.7477
-115 10.9914
-114 11.2367
-113 11.4833
-112 11.731
-111 11.9794
-110 12.2283
-109 12.4771
-108 12.7255
-107 12.973
-106 13.2191
-105 13.4632
-104 13.7047
-103 13.943
-102 14.1776
-101 14.4076
-100 14.6325
-99 14.8516
-98 15.0641
-97 15.2694
-96 15.4667
-95 15.6554
-94 15.8348
-93 16.0041
-92 16.1628
-91 16.3103
-90 16.446
-89 16.5694
-88 16.6799
-87 16.7772
-86 16.8608
-85 16.9304
-84 16.9857
-83 17.0265
-82 17.0526
-81 17.0643
-80 17.0616
-79 17.0444
-78 17.0128
-77 16.9669
-76 16.9069
-75 16.8329
-74 16.7451
-73 16.6439
-72 16.5295
-71 16.4023
-70 16.2628
-69 16.1112
-68 15.9481
-67 15.7739
-66 15.5891
-65 15.3942
-64 15.1897
-63 14.9761
-62 14.754
-61 14.5238
-60 14.2861
-59 14.0414
-58 13.7903
-57 13.5333
-56 13.2709
-55 13.0037
-54 12.732
-53 12.4565
-52 12.1776
-51 11.8957
-50 11.6114
-49 11.3254
-48 11.0381
-47 10.7501
-46 10.462
-45 10.1741
-44 9.8868
-43 9.6004
-42 9.3152
-41 9.0315
-40 8.7497
-39 8.4699
-38 8.1925
-37 7.9177
-36 7.6459
-35 7.3775
-34 7.1126
-33 6.8515
-32 6.5943
-31 6.3413
-30 6.0927
-29 5.8486
-28 5.6091
-27 5.3746
-26 5.145
-25 4.9207
-24 4.7017
-23 4.4881
-22 4.2801
-21 4.0778
-20 3.8814
-19 3.6909
-18 3.5065
-17 3.3282
-16 3.1562
-15 2.9905
-14 2.8312
-13 2.6784
-12 2.5322
-11 2.3925
-10 2.2596
-9 2.1333
-8 2.0138
-7 1.9011
-6 1.7952
-5 1.6961
-4 1.6039
-3 1.5185
-2 1.44
-1 1.3683
0 1.3035
1 1.2455
2 1.1943
3 1.1498
4 1.1121
5 1.081
6 1.0566
7 1.0387
8 1.0272
9 1.0222
10 1.0235
11 1.0311
12 1.0449
13 1.0647
14 1.0904
15 1.122
16 1.1594
17 1.2024
18 1.2509
19 1.3047
20 1.3638
21 1.4279
22 1.497
23 1.5709
24 1.6494
25 1.7323
26 1.8196
27 1.911
28 2.0063
29 2.1055
30 2.2082
31 2.3144
32 2.4238
33 2.5362
34 2.6514
35 2.7694
36 2.8897
37 3.0124
38 3.1371
39 3.2637
40 3.3919
41 3.5217
42 3.6526
43 3.7847
44 3.9176
45 4.0512
46 4.1853
47 4.3196
48 4.454
49 4.5883
50 4.7223
51 4.8558
52 4.9886
53 5.1205
54 5.2513
55 5.3808
56 5.5087
57 5.635
58 5.7594
59 5.8817
60 6.0018
61 6.1194
62 6.2344
63 6.3467
64 6.456
65 6.5622
66 6.6651
67 6.7646
68 6.8606
69 6.9528
70 7.0412
71 7.1257
72 7.206
73 7.2822
74 7.354
75 7.4214
76 7.4842
77 7.5424
78 7.596
79 7.6447
80 7.6886
81 7.7275
82 7.7614
83 7.7903
84 7.8141
85 7.8328
86 7.8463
87 7.8546
88 7.8578
89 7.8557
90 7.8484
91 7.8359
92 7.8182
93 7.7953
94 7.7672
95 7.7341
96 7.6959
97 7.6526
98 7.6044
99 7.5513
100 7.4933
101 7.4306
102 7.3632
103 7.2913
104 7.2148
105 7.134
106 7.049
107 6.9598
108 6.8665
109 6.7694
110 6.6685
111 6.564
112 6.4559
113 6.3445
114 6.2297
115 6.1117
116 5.9906
117 5.8666
118 5.7398
119 5.6104
120 5.4785
121 5.3443
122 5.2079
123 5.0696
124 4.9295
125 4.7879
126 4.6448
127 4.5006
128 4.3553
129 4.2093
130 4.0626
131 3.9155
132 3.7681
133 3.6208
134 3.4736
135 3.3269
136 3.1807
137 3.0353
138 2.8909
139 2.7477
140 2.6059
141 2.4657
142 2.3273
143 2.1908
144 2.0565
145 1.9244
146 1.7949
147 1.668
148 1.5439
149 1.4229
150 1.305
151 1.1905
152 1.0795
153 0.9722
154 0.8688
155 0.7693
156 0.6741
157 0.5832
158 0.4968
159 0.4149
160 0.3378
161 0.2656
162 0.1984
163 0.1362
164 0.0793
165 0.0278
166 -0.0183
167 -0.0588
168 -0.0937
169 -0.1228
170 -0.1462
171 -0.1636
172 -0.175
173 -0.1804
174 -0.1796
175 -0.1728
176 -0.1597
177 -0.1404
178 -0.1147
179 -0.0828
180 -0.0446
