-180 -23.5128
-179 -23.5128
-178 -23.4619
-177 -23.4048
-176 -23.3418
-175 -23.2728
-174 -23.1980
-173 -23.1172
-172 -23.0306
-171 -22.9383
-170 -22.8402
-169 -22.7364
-168 -22.6270
-167 -22.5121
-166 -22.3916
-165 -22.2658
-164 -22.1349
-163 -21.9993
-162 -21.8590
-161 -21.7141
-160 -21.5651
-159 -21.4121
-158 -21.2553
-157 -21.0949
-156 -20.9310
-155 -20.7643
-154 -20.5948
-153 -20.4228
-152 -20.2483
-151 -20.0715
-150 -19.8925
-149 -19.7114
-148 -19.5284
-147 -19.3435
-146 -19.1569
-145 -18.9687
-144 -18.7789
-143 -18.5875
-142 -18.3947
-141 -18.2006
-140 -18.0050
-139 -17.8081
-138 -17.6098
-137 -17.4101
-136 -17.2087
-135 -17.0055
-134 -16.8005
-133 -16.5937
-132 -16.3851
-131 -16.1746
-130 -15.9622
-129 -15.7478
-128 -15.5313
-127 -15.3128
-126 -15.0921
-125 -14.8692
-124 -14.6441
-123 -14.4168
-122 -14.1873
-121 -13.9555
-120 -13.7215
-119 -13.4854
-118 -13.2472
-117 -13.0070
-116 -12.7651
-115 -12.5214
-114 -12.2761
-113 -12.0295
-112 -11.7818
-111 -11.5334
-110 -11.2845
-109 -11.0357
-108 -10.7873
-107 -10.5398
-106 -10.2937
-105 -10.0496
-104 -9.8081
-103 -9.5698
-102 -9.3352
-101 -9.1052
-100 -8.8803
-99 -8.6612
-98 -8.4487
-97 -8.2434
-96 -8.0461
-95 -7.8574
-94 -7.6780
-93 -7.5087
-92 -7.3500
-91 -7.2025
-90 -7.0668
-89 -6.9434
-88 -6.8329
-87 -6.7356
-86 -6.6520
-85 -6.5824
-84 -6.5271
-83 -6.4863
-82 -6.4602
-81 -6.4485
-80 -6.4512
-79 -6.4684
-78 -6.5000
-77 -6.5459
-76 -6.6059
-75 -6.6799
-74 -6.7677
-73 -6.8689
-72 -6.9833
-71 -7.1105
-70 -7.2500
-69 -7.4016
-68 -7.5647
-67 -7.7389
-66 -7.9237
-65 -8.1186
-64 -8.3231
-63 -8.5367
-62 -8.7588
-61 -8.9890
-60 -9.2267
-59 -9.4714
-58 -9.7225
-57 -9.9795
-56 -10.2419
-55 -10.5091
-54 -10.7808
-53 -11.0563
-52 -11.3352
-51 -11.6171
-50 -11.9014
-49 -12.1874
-48 -12.4747
-47 -12.7627
-46 -13.0508
-45 -13.3387
-44 -13.6260
-43 -13.9124
-42 -14.1976
-41 -14.4813
-40 -14.7631
-39 -15.0429
-38 -15.3203
-37 -15.5951
-36 -15.8669
-35 -16.1353
-34 -16.4002
-33 -16.6613
-32 -16.9185
-31 -17.1715
-30 -17.4201
-29 -17.6642
-28 -17.9037
-27 -18.1382
-26 -18.3678
-25 -18.5921
-24 -18.8111
-23 -19.0247
-22 -19.2327
-21 -19.4350
-20 -19.6314
-19 -19.8219
-18 -20.0063
-17 -20.1846
-16 -20.3566
-15 -20.5223
-14 -20.6816
-13 -20.8344
-12 -20.9806
-11 -21.1203
-10 -21.2532
-9 -21.3795
-8 -21.4990
-7 -21.6117
-6 -21.7176
-5 -21.8167
-4 -21.9089
-3 -21.9943
-2 -22.0728
-1 -22.1445
0 -22.2093
1 -22.2673
2 -22.3185
3 -22.3630
4 -22.4007
5 -22.4318
6 -22.4562
7 -22.4741
8 -22.4856
9 -22.4906
10 -22.4893
11 -22.4817
12 -22.4679
13 -22.4481
14 -22.4224
15 -22.3908
16 -22.3534
17 -22.3104
18 -22.2619
19 -22.2081
20 -22.1490
21 -22.0849
22 -22.0158
23 -21.9419
24 -21.8634
25 -21.7805
26 -21.6932
27 -21.6018
28 -21.5065
29 -21.4073
30 -21.3046
31 -21.1984
32 -21.0890
33 -20.9766
34 -20.8614
35 -20.7434
36 -20.6231
37 -20.5004
38 -20.3757
39 -20.2491
40 -20.1209
41 -19.9911
42 -19.8602
43 -19.7281
44 -19.5952
45 -19.4616
46 -19.3275
47 -19.1932
48 -19.0588
49 -18.9245
50 -18.7905
51 -18.6570
52 -18.5242
53 -18.3923
54 -18.2615
55 -18.1320
56 -18.0041
57 -17.8778
58 -17.7534
59 -17.6311
60 -17.5110
61 -17.3934
62 -17.2784
63 -17.1661
64 -17.0568
65 -16.9506
66 -16.8477
67 -16.7482
68 -16.6522
69 -16.5600
70 -16.4716
71 -16.3871
72 -16.3068
73 -16.2306
74 -16.1588
75 -16.0914
76 -16.0286
77 -15.9704
78 -15.9168
79 -15.8681
80 -15.8242
81 -15.7853
82 -15.7514
83 -15.7225
84 -15.6987
85 -15.6800
86 -15.6665
87 -15.6582
88 -15.6550
89 -15.6571
90 -15.6644
91 -15.6769
92 -15.6946
93 -15.7175
94 -15.7456
95 -15.7787
96 -15.8169
97 -15.8602
98 -15.9084
99 -15.9615
100 -16.0195
101 -16.0822
102 -16.1496
103 -16.2215
104 -16.2980
105 -16.3788
106 -16.4638
107 -16.5530
108 -16.6463
109 -16.7434
110 -16.8443
111 -16.9488
112 -17.0569
113 -17.1683
114 -17.2831
115 -17.4011
116 -17.5222
117 -17.6462
118 -17.7730
119 -17.9024
120 -18.0343
121 -18.1685
122 -18.3049
123 -18.4432
124 -18.5833
125 -18.7249
126 -18.8680
127 -19.0122
128 -19.1575
129 -19.3035
130 -19.4502
131 -19.5973
132 -19.7447
133 -19.8920
134 -20.0392
135 -20.1859
136 -20.3321
137 -20.4775
138 -20.6219
139 -20.7651
140 -20.9069
141 -21.0471
142 -21.1855
143 -21.3220
144 -21.4563
145 -21.5884
146 -21.7179
147 -21.8448
148 -21.9689
149 -22.0899
150 -22.2078
151 -22.3223
152 -22.4333
153 -22.5406
154 -22.6440
155 -22.7435
156 -22.8387
157 -22.9296
158 -23.0160
159 -23.0979
160 -23.1750
161 -23.2472
162 -23.3144
163 -23.3766
164 -23.4335
165 -23.4850
166 -23.5311
167 -23.5716
168 -23.6065
169 -23.6356
170 -23.6590
171 -23.6764
172 -23.6878
173 -23.6932
174 -23.6924
175 -23.6856
176 -23.6725
177 -23.6532
178 -23.6275
179 -23.5956
180 -23.5574
181 -23.5128
