-180 -4.4305
-179 -4.4305
-178 0.6193
-177 -5.5843
-176 -2.6578
-175 7.0273
-174 4.9225
-173 -2.6412
-172 -2.4652
-171 -2.6668
-170 -6.0402
-169 -3.2340
-168 -4.5983
-167 0.7743
-166 6.0785
-165 6.2781
-164 7.7354
-163 2.2407
-162 5.4472
-161 -1.8801
-160 -3.1420
-159 -1.0345
-158 0.5774
-157 -2.8378
-156 -1.0515
-155 -1.1239
-154 4.2979
-153 5.4568
-152 -0.9138
-151 5.3920
-150 -2.5460
-149 -1.7480
-148 2.7844
-147 -2.6706
-146 -2.0295
-145 1.7397
-144 1.2718
-143 5.5552
-142 7.7014
-141 5.0847
-140 0.6084
-139 6.2771
-138 0.1149
-137 11.4998
-136 5.1909
-135 9.5283
-134 8.2108
-133 3.5531
-132 10.2357
-131 2.7226
-130 7.2112
-129 5.1148
-128 4.6523
-127 6.4898
-126 9.7992
-125 5.9849
-124 10.5445
-123 13.9119
-122 6.4902
-121 4.9553
-120 6.8915
-119 10.5315
-118 2.2553
-117 7.0612
-116 4.4822
-115 13.9968
-114 9.5992
-113 10.3929
-112 16.2137
-111 15.8688
-110 8.8996
-109 11.7661
-108 6.7235
-107 11.7543
-106 11.7920
-105 20.0285
-104 10.8427
-103 6.2620
-102 12.8272
-101 10.9097
-100 17.8071
-99 17.2782
-98 8.5069
-97 10.1730
-96 24.4235
-95 10.0568
-94 11.7727
-93 23.9309
-92 20.6774
-91 9.5511
-90 14.5215
-89 14.8758
-88 17.7028
-87 12.0759
-86 18.3662
-85 15.9192
-84 13.0959
-83 12.6325
-82 11.2546
-81 17.4383
-80 22.8934
-79 17.3812
-78 13.1779
-77 17.6715
-76 15.2822
-75 14.8666
-74 11.9504
-73 8.8154
-72 23.9660
-71 15.3726
-70 15.7111
-69 16.5151
-68 16.8931
-67 15.1720
-66 19.5607
-65 15.6224
-64 17.4592
-63 18.4353
-62 13.1809
-61 5.9465
-60 13.6032
-59 11.9763
-58 8.0193
-57 8.5406
-56 9.7468
-55 13.5778
-54 8.8363
-53 8.7235
-52 12.2918
-51 12.5724
-50 12.6967
-49 13.3489
-48 6.9741
-47 6.0705
-46 18.6329
-45 7.6952
-44 8.6461
-43 11.4852
-42 4.8403
-41 12.3845
-40 5.5338
-39 6.0554
-38 14.2489
-37 3.8166
-36 4.5225
-35 8.3109
-34 5.8797
-33 2.9368
-32 5.4903
-31 3.2720
-30 7.1356
-29 11.0666
-28 5.1365
-27 7.1085
-26 2.6882
-25 5.6165
-24 7.9848
-23 11.1396
-22 7.5813
-21 -2.9587
-20 6.1898
-19 1.6984
-18 4.5536
-17 2.3051
-16 2.1177
-15 -2.6412
-14 -4.2053
-13 -2.8340
-12 0.1728
-11 7.6307
-10 4.4350
-9 -2.5931
-8 -0.9728
-7 -2.0329
-6 3.7193
-5 -3.0819
-4 -1.1168
-3 -3.0271
-2 2.5860
-1 -2.5252
0 -4.8695
1 -3.1300
2 -0.7802
3 4.9470
4 -5.4054
5 6.5459
6 0.0454
7 -1.1576
8 -5.4706
9 -5.7697
10 3.7032
11 -4.7626
12 -2.4095
13 4.4426
14 2.6577
15 2.5254
16 -2.0498
17 1.3709
18 1.2143
19 -4.2501
20 4.8236
21 -3.4626
22 -3.6594
23 -1.9179
24 0.0185
25 4.3697
26 -0.1712
27 3.0255
28 -0.4232
29 1.6874
30 3.7020
31 -0.3948
32 -3.0903
33 2.2855
34 2.7105
35 -2.5967
36 5.6136
37 -0.1745
38 3.4167
39 2.0300
40 1.8711
41 -0.7339
42 4.9506
43 4.0425
44 -2.6159
45 0.1471
46 -2.3647
47 0.1519
48 0.0238
49 6.4266
50 4.0286
51 6.9165
52 -0.0259
53 0.0061
54 4.9720
55 7.6373
56 5.3745
57 6.7656
58 5.0719
59 4.0975
60 12.3965
61 10.7590
62 5.3135
63 2.2953
64 -0.0558
65 5.4573
66 1.6094
67 8.2378
68 11.6103
69 -0.5566
70 6.4570
71 0.1635
72 11.3584
73 5.3849
74 2.6305
75 5.4076
76 9.3545
77 9.6636
78 -0.4176
79 5.5217
80 8.0691
81 5.9809
82 5.6364
83 6.4062
84 0.5322
85 10.6988
86 2.5871
87 9.2125
88 7.5997
89 10.2743
90 1.0221
91 -1.8206
92 4.7997
93 2.1698
94 8.4282
95 8.8505
96 2.9350
97 10.3984
98 10.0900
99 4.9119
100 6.5683
101 6.3959
102 7.1042
103 3.1501
104 5.5656
105 11.6611
106 4.6288
107 6.6092
108 7.4550
109 3.1481
110 -0.9487
111 6.8595
112 0.4734
113 4.2309
114 5.0993
115 3.6828
116 8.4780
117 7.9975
118 8.6847
119 7.9017
120 8.8671
121 0.7827
122 3.8814
123 3.8629
124 4.9794
125 1.9970
126 -0.0501
127 2.4135
128 2.1199
129 5.5457
130 -2.5704
131 1.9167
132 2.1918
133 7.1377
134 -1.7268
135 5.6120
136 5.2707
137 6.1618
138 3.9078
139 0.3498
140 0.0137
141 6.6383
142 -1.6554
143 7.1641
144 -3.1611
145 -1.7048
146 -1.7198
147 3.9187
148 6.0634
149 -4.1201
150 -3.1221
151 -0.2316
152 -2.8426
153 0.3953
154 -5.7542
155 -0.5841
156 -0.1690
157 0.5573
158 -1.9673
159 -4.4621
160 -1.2977
161 -0.8509
162 5.6491
163 -4.2553
164 -2.8173
165 1.8665
166 0.4565
167 -4.1275
168 0.6244
169 4.2371
170 8.9019
171 -2.5935
172 -5.5055
173 2.1705
174 1.9174
175 -2.6315
176 -2.1898
177 -8.8529
178 -4.2027
179 -3.1879
180 -0.8735
181 -3.3690
