-180 0.0
-179 0.0
-178 0.0184
-177 0.0417
-176 0.0698
-175 0.1027
-174 0.1403
-173 0.1826
-172 0.2295
-171 0.2809
-170 0.3368
-169 0.3971
-168 0.4618
-167 0.5306
-166 0.6036
-165 0.6805
-164 0.7615
-163 0.8462
-162 0.9347
-161 1.0267
-160 1.1223
-159 1.2213
-158 1.3235
-157 1.4289
-156 1.5374
-155 1.6488
-154 1.7631
-153 1.8801
-152 1.9999
-151 2.1221
-150 2.2469
-149 2.3741
-148 2.5037
-147 2.6355
-146 2.7696
-145 2.906
-144 3.0445
-143 3.1852
-142 3.328
-141 3.473
-140 3.6203
-139 3.7697
-138 3.9215
-137 4.0755
-136 4.232
-135 4.3909
-134 4.5524
-133 4.7165
-132 4.8834
-131 5.0532
-130 5.2259
-129 5.4018
-128 5.5808
-127 5.7632
-126 5.949
-125 6.1383
-124 6.3312
-123 6.5278
-122 6.7282
-121 6.9324
-120 7.1404
-119 7.3522
-118 7.5678
-117 7.7871
-116 8.01
-115 8.2364
-114 8.4661
-113 8.6989
-112 8.9345
-111 9.1727
-110 9.413
-109 9.6551
-108 9.8986
-107 10.1429
-106 10.3876
-105 10.6322
-104 10.8759
-103 11.1181
-102 11.3583
-101 11.5957
-100 11.8295
-99 12.0592
-98 12.2838
-97 12.5027
-96 12.7151
-95 12.9202
-94 13.1174
-93 13.3058
-92 13.4848
-91 13.6536
-90 13.8117
-89 13.9584
-88 14.0932
-87 14.2154
-86 14.3247
-85 14.4206
-84 14.5027
-83 14.5707
-82 14.6243
-81 14.6633
-80 14.6877
-79 14.6972
-78 14.6918
-77 14.6716
-76 14.6367
-75 14.5871
-74 14.523
-73 14.4446
-72 14.3523
-71 14.2462
-70 14.1268
-69 13.9943
-68 13.8492
-67 13.6919
-66 13.5228
-65 13.3425
-64 13.1513
-63 12.9497
-62 12.7384
-61 12.5176
-60 12.2881
-59 12.0503
-58 11.8046
-57 11.5518
-56 11.2921
-55 11.0262
-54 10.7546
-53 10.4777
-52 10.1961
-51 9.9102
-50 9.6206
-49 9.3276
-48 9.0318
-47 8.7336
-46 8.4334
-45 8.1317
-44 7.8289
-43 7.5253
-42 7.2215
-41 6.9177
-40 6.6144
-39 6.3119
-38 6.0106
-37 5.7108
-36 5.4128
-35 5.117
-34 4.8238
-33 4.5333
-32 4.2459
-31 3.9619
-30 3.6816
-29 3.4052
-28 3.133
-27 2.8653
-26 2.6022
-25 2.344
-24 2.091
-23 1.8433
-22 1.6012
-21 1.3648
-20 1.1344
-19 0.91
-18 0.692
-17 0.4804
-16 0.2754
-15 0.0771
-14 -0.1142
-13 -0.2986
-12 -0.4759
-11 -0.6459
-10 -0.8086
-9 -0.9638
-8 -1.1116
-7 -1.2518
-6 -1.3843
-5 -1.5091
-4 -1.6262
-3 -1.7355
-2 -1.837
-1 -1.9306
0 -2.0163
1 -2.0942
2 -2.1643
3 -2.2264
4 -2.2808
5 -2.3273
6 -2.3661
7 -2.3971
8 -2.4205
9 -2.4363
10 -2.4445
11 -2.4453
12 -2.4387
13 -2.4247
14 -2.4036
15 -2.3754
16 -2.3403
17 -2.2982
18 -2.2495
19 -2.1941
20 -2.1323
21 -2.0642
22 -1.9899
23 -1.9097
24 -1.8235
25 -1.7318
26 -1.6345
27 -1.5319
28 -1.4242
29 -1.3115
30 -1.1941
31 -1.0721
32 -0.9458
33 -0.8153
34 -0.6809
35 -0.5427
36 -0.4011
37 -0.2561
38 -0.1081
39 0.0428
40 0.1964
41 0.3523
42 0.5105
43 0.6706
44 0.8325
45 0.9958
46 1.1605
47 1.3262
48 1.4927
49 1.6599
50 1.8274
51 1.995
52 2.1626
53 2.3299
54 2.4968
55 2.6628
56 2.828
57 2.9919
58 3.1546
59 3.3156
60 3.4749
61 3.6322
62 3.7873
63 3.9401
64 4.0904
65 4.2379
66 4.3825
67 4.524
68 4.6623
69 4.7972
70 4.9285
71 5.0561
72 5.1798
73 5.2996
74 5.4152
75 5.5265
76 5.6334
77 5.7358
78 5.8337
79 5.9267
80 6.015
81 6.0984
82 6.1768
83 6.2501
84 6.3183
85 6.3813
86 6.4391
87 6.4916
88 6.5387
89 6.5805
90 6.6169
91 6.6479
92 6.6734
93 6.6936
94 6.7083
95 6.7176
96 6.7215
97 6.7201
98 6.7133
99 6.7012
100 6.6838
101 6.6613
102 6.6336
103 6.6009
104 6.5631
105 6.5204
106 6.4729
107 6.4206
108 6.3637
109 6.3022
110 6.2363
111 6.166
112 6.0915
113 6.013
114 5.9305
115 5.8441
116 5.7541
117 5.6605
118 5.5636
119 5.4634
120 5.3601
121 5.2539
122 5.1449
123 5.0333
124 4.9193
125 4.8031
126 4.6847
127 4.5645
128 4.4425
129 4.319
130 4.1941
131 4.068
132 3.9409
133 3.813
134 3.6845
135 3.5556
136 3.4264
137 3.2971
138 3.168
139 3.0392
140 2.9109
141 2.7832
142 2.6564
143 2.5307
144 2.4062
145 2.2831
146 2.1615
147 2.0418
148 1.9239
149 1.8082
150 1.6947
151 1.5836
152 1.4751
153 1.3694
154 1.2665
155 1.1667
156 1.0701
157 0.9768
158 0.8869
159 0.8007
160 0.7181
161 0.6394
162 0.5646
163 0.4939
164 0.4273
165 0.3649
166 0.307
167 0.2534
168 0.2043
169 0.1599
170 0.12
171 0.0849
172 0.0545
173 0.0289
174 0.0082
175 -0.0077
176 -0.0187
177 -0.0248
178 -0.026
179 -0.0222
180 -0.0135
