-180 -4.5171
-179 -4.5171
-178 -4.4987
-177 -4.4754
-176 -4.4473
-175 -4.4144
-174 -4.3768
-173 -4.3345
-172 -4.2876
-171 -4.2362
-170 -4.1803
-169 -4.1200
-168 -4.0553
-167 -3.9865
-166 -3.9135
-165 -3.8366
-164 -3.7556
-163 -3.6709
-162 -3.5824
-161 -3.4904
-160 -3.3948
-159 -3.2958
-158 -3.1936
-157 -3.0882
-156 -2.9797
-155 -2.8683
-154 -2.7540
-153 -2.6370
-152 -2.5172
-151 -2.3950
-150 -2.2702
-149 -2.1430
-148 -2.0134
-147 -1.8816
-146 -1.7475
-145 -1.6111
-144 -1.4726
-143 -1.3319
-142 -1.1891
-141 -1.0441
-140 -0.8968
-139 -0.7474
-138 -0.5956
-137 -0.4416
-136 -0.2851
-135 -0.1262
-134 0.0353
-133 0.1994
-132 0.3663
-131 0.5361
-130 0.7088
-129 0.8847
-128 1.0637
-127 1.2461
-126 1.4319
-125 1.6212
-124 1.8141
-123 2.0107
-122 2.2111
-121 2.4153
-120 2.6233
-119 2.8351
-118 3.0507
-117 3.2700
-116 3.4929
-115 3.7193
-114 3.9490
-113 4.1818
-112 4.4174
-111 4.6556
-110 4.8959
-109 5.1380
-108 5.3815
-107 5.6258
-106 5.8705
-105 6.1151
-104 6.3588
-103 6.6010
-102 6.8412
-101 7.0786
-100 7.3124
-99 7.5421
-98 7.7667
-97 7.9856
-96 8.1980
-95 8.4031
-94 8.6003
-93 8.7887
-92 8.9677
-91 9.1365
-90 9.2946
-89 9.4413
-88 9.5761
-87 9.6983
-86 9.8076
-85 9.9035
-84 9.9856
-83 10.0536
-82 10.1072
-81 10.1462
-80 10.1706
-79 10.1801
-78 10.1747
-77 10.1545
-76 10.1196
-75 10.0700
-74 10.0059
-73 9.9275
-72 9.8352
-71 9.7291
-70 9.6097
-69 9.4772
-68 9.3321
-67 9.1748
-66 9.0057
-65 8.8254
-64 8.6342
-63 8.4326
-62 8.2213
-61 8.0005
-60 7.7710
-59 7.5332
-58 7.2875
-57 7.0347
-56 6.7750
-55 6.5091
-54 6.2375
-53 5.9606
-52 5.6790
-51 5.3931
-50 5.1035
-49 4.8105
-48 4.5147
-47 4.2165
-46 3.9163
-45 3.6146
-44 3.3118
-43 3.0082
-42 2.7044
-41 2.4006
-40 2.0973
-39 1.7948
-38 1.4935
-37 1.1937
-36 0.8957
-35 0.5999
-34 0.3067
-33 0.0162
-32 -0.2712
-31 -0.5552
-30 -0.8355
-29 -1.1119
-28 -1.3841
-27 -1.6518
-26 -1.9149
-25 -2.1731
-24 -2.4261
-23 -2.6738
-22 -2.9159
-21 -3.1523
-20 -3.3827
-19 -3.6071
-18 -3.8251
-17 -4.0367
-16 -4.2417
-15 -4.4400
-14 -4.6313
-13 -4.8157
-12 -4.9930
-11 -5.1630
-10 -5.3257
-9 -5.4809
-8 -5.6287
-7 -5.7689
-6 -5.9014
-5 -6.0262
-4 -6.1433
-3 -6.2526
-2 -6.3541
-1 -6.4477
0 -6.5334
1 -6.6113
2 -6.6814
3 -6.7435
4 -6.7979
5 -6.8444
6 -6.8832
7 -6.9142
8 -6.9376
9 -6.9534
10 -6.9616
11 -6.9624
12 -6.9558
13 -6.9418
14 -6.9207
15 -6.8925
16 -6.8574
17 -6.8153
18 -6.7666
19 -6.7112
20 -6.6494
21 -6.5813
22 -6.5070
23 -6.4268
24 -6.3406
25 -6.2489
26 -6.1516
27 -6.0490
28 -5.9413
29 -5.8286
30 -5.7112
31 -5.5892
32 -5.4629
33 -5.3324
34 -5.1980
35 -5.0598
36 -4.9182
37 -4.7732
38 -4.6252
39 -4.4743
40 -4.3207
41 -4.1648
42 -4.0066
43 -3.8465
44 -3.6846
45 -3.5213
46 -3.3566
47 -3.1909
48 -3.0244
49 -2.8572
50 -2.6897
51 -2.5221
52 -2.3545
53 -2.1872
54 -2.0203
55 -1.8543
56 -1.6891
57 -1.5252
58 -1.3625
59 -1.2015
60 -1.0422
61 -0.8849
62 -0.7298
63 -0.5770
64 -0.4267
65 -0.2792
66 -0.1346
67 0.0069
68 0.1452
69 0.2801
70 0.4114
71 0.5390
72 0.6627
73 0.7825
74 0.8981
75 1.0094
76 1.1163
77 1.2187
78 1.3166
79 1.4096
80 1.4979
81 1.5813
82 1.6597
83 1.7330
84 1.8012
85 1.8642
86 1.9220
87 1.9745
88 2.0216
89 2.0634
90 2.0998
91 2.1308
92 2.1563
93 2.1765
94 2.1912
95 2.2005
96 2.2044
97 2.2030
98 2.1962
99 2.1841
100 2.1667
101 2.1442
102 2.1165
103 2.0838
104 2.0460
105 2.0033
106 1.9558
107 1.9035
108 1.8466
109 1.7851
110 1.7192
111 1.6489
112 1.5744
113 1.4959
114 1.4134
115 1.3270
116 1.2370
117 1.1434
118 1.0465
119 0.9463
120 0.8430
121 0.7368
122 0.6278
123 0.5162
124 0.4022
125 0.2860
126 0.1676
127 0.0474
128 -0.0746
129 -0.1981
130 -0.3230
131 -0.4491
132 -0.5762
133 -0.7041
134 -0.8326
135 -0.9615
136 -1.0907
137 -1.2200
138 -1.3491
139 -1.4779
140 -1.6062
141 -1.7339
142 -1.8607
143 -1.9864
144 -2.1109
145 -2.2340
146 -2.3556
147 -2.4753
148 -2.5932
149 -2.7089
150 -2.8224
151 -2.9335
152 -3.0420
153 -3.1477
154 -3.2506
155 -3.3504
156 -3.4470
157 -3.5403
158 -3.6302
159 -3.7164
160 -3.7990
161 -3.8777
162 -3.9525
163 -4.0232
164 -4.0898
165 -4.1522
166 -4.2101
167 -4.2637
168 -4.3128
169 -4.3572
170 -4.3971
171 -4.4322
172 -4.4626
173 -4.4882
174 -4.5089
175 -4.5248
176 -4.5358
177 -4.5419
178 -4.5431
179 -4.5393
180 -4.5306
181 -4.5171
