-180 13.3512
-179 13.3512
-178 14.9268
-177 18.2083
-176 10.6564
-175 16.1763
-174 18.9147
-173 14.6524
-172 14.7796
-171 14.1047
-170 19.9969
-169 17.2737
-168 18.9326
-167 15.7640
-166 23.7545
-165 16.6296
-164 13.1937
-163 21.0134
-162 20.6944
-161 20.4758
-160 20.3848
-159 19.4238
-158 16.8429
-157 20.3389
-156 14.7901
-155 25.0519
-154 16.0597
-153 17.6144
-152 19.4476
-151 23.2488
-150 24.4446
-149 19.6839
-148 22.1852
-147 14.9733
-146 21.7805
-145 25.6582
-144 18.1704
-143 17.5580
-142 21.9660
-141 22.5995
-140 17.8459
-139 26.1261
-138 19.3918
-137 19.8368
-136 20.8988
-135 26.4598
-134 20.1845
-133 23.4143
-132 23.6116
-131 24.2281
-130 21.9779
-129 20.4758
-128 30.2197
-127 26.1314
-126 20.9482
-125 22.9984
-124 19.0564
-123 16.8379
-122 20.0114
-121 30.4787
-120 27.1873
-119 28.5272
-118 23.3107
-117 20.3221
-116 23.3271
-115 31.2732
-114 23.4193
-113 24.7385
-112 27.4274
-111 25.5846
-110 33.0780
-109 27.1634
-108 25.7063
-107 22.5190
-106 32.1256
-105 24.3060
-104 28.1861
-103 29.4922
-102 24.4447
-101 28.3616
-100 25.8111
-99 32.7810
-98 24.0178
-97 30.1370
-96 36.0807
-95 28.3765
-94 27.9674
-93 26.8758
-92 36.8304
-91 32.6519
-90 28.6508
-89 26.7682
-88 29.9058
-87 28.7697
-86 29.5138
-85 29.9938
-84 34.6025
-83 31.5671
-82 30.3200
-81 30.0291
-80 32.6946
-79 38.0837
-78 34.2429
-77 34.9358
-76 32.0535
-75 26.7790
-74 39.3622
-73 38.0541
-72 31.9830
-71 31.4579
-70 31.6937
-69 32.5218
-68 36.8533
-67 30.4033
-66 33.4080
-65 32.4311
-64 36.9959
-63 35.1104
-62 32.2689
-61 26.1503
-60 28.2647
-59 29.2530
-58 25.2591
-57 28.2905
-56 28.5878
-55 33.0392
-54 31.2781
-53 24.5063
-52 31.8661
-51 23.0390
-50 19.9331
-49 33.5144
-48 24.3365
-47 23.3973
-46 25.8729
-45 29.1051
-44 27.2398
-43 21.4697
-42 30.1495
-41 24.1375
-40 26.5469
-39 24.1695
-38 33.0577
-37 21.0729
-36 21.1733
-35 18.8868
-34 18.6609
-33 30.5877
-32 22.6407
-31 17.7320
-30 22.9767
-29 20.3563
-28 18.6402
-27 24.2013
-26 17.9146
-25 17.1716
-24 15.5431
-23 18.2733
-22 18.4275
-21 22.2456
-20 20.5130
-19 18.9567
-18 13.1879
-17 14.0176
-16 26.0105
-15 13.9524
-14 15.4810
-13 14.0354
-12 17.5242
-11 16.4049
-10 11.5807
-9 16.7326
-8 16.8450
-7 17.2950
-6 11.9001
-5 19.0264
-4 16.7184
-3 21.7536
-2 17.2926
-1 14.5439
0 15.8139
1 7.7034
2 16.2490
3 17.5799
4 12.1543
5 15.0162
6 20.2177
7 13.8932
8 12.5532
9 15.7135
10 15.1732
11 15.2663
12 13.9383
13 14.8749
14 13.9879
15 16.7918
16 13.0826
17 11.0760
18 11.9055
19 16.7097
20 11.5973
21 21.6599
22 12.8150
23 25.3564
24 12.7231
25 17.6286
26 17.6117
27 13.0819
28 19.4584
29 18.8404
30 12.3009
31 17.1326
32 16.5946
33 12.9458
34 14.1619
35 18.3997
36 19.5765
37 12.4350
38 17.5534
39 22.5202
40 23.2805
41 15.1572
42 15.7230
43 14.0373
44 16.0707
45 20.0818
46 21.8615
47 23.5828
48 19.3008
49 16.3076
50 18.0657
51 19.2105
52 14.5798
53 15.5389
54 23.1218
55 30.0533
56 18.5811
57 18.7294
58 22.6442
59 12.4422
60 19.0646
61 22.5307
62 22.0954
63 20.7614
64 26.3411
65 12.4586
66 21.1977
67 20.2703
68 18.5236
69 19.2012
70 20.8622
71 21.8525
72 25.5771
73 21.4725
74 22.8224
75 26.0319
76 25.1095
77 28.0062
78 25.4219
79 19.6077
80 19.4037
81 24.6892
82 24.0141
83 18.6397
84 25.0612
85 28.0018
86 27.8332
87 21.9206
88 23.0501
89 24.1528
90 31.4599
91 24.9670
92 23.8697
93 30.9481
94 27.1602
95 28.2745
96 18.1717
97 13.8178
98 27.8284
99 30.5776
100 28.0353
101 27.6543
102 25.4298
103 26.2592
104 23.8802
105 16.8840
106 26.0553
107 24.6397
108 28.0132
109 24.1057
110 27.7290
111 32.9805
112 27.5169
113 17.4262
114 24.4832
115 26.0004
116 22.6953
117 26.6987
118 21.5890
119 22.2595
120 19.6177
121 25.5915
122 20.6221
123 21.6087
124 25.1801
125 23.7924
126 22.4664
127 18.2003
128 22.0216
129 24.1232
130 17.1168
131 20.7655
132 19.4749
133 20.4896
134 21.8543
135 18.3675
136 15.9411
137 20.7090
138 20.4776
139 25.0229
140 23.6446
141 16.9742
142 20.5618
143 16.3772
144 21.7977
145 21.2197
146 22.5893
147 19.0207
148 25.6607
149 19.1729
150 18.3075
151 22.6400
152 16.0924
153 20.5010
154 16.3258
155 29.3970
156 16.7295
157 22.8218
158 14.6687
159 18.2309
160 20.0665
161 20.3408
162 22.0332
163 14.0969
164 19.2765
165 14.6569
166 16.7689
167 15.6693
168 18.2549
169 18.6715
170 20.4442
171 19.3740
172 18.7473
173 12.5378
174 19.9601
175 14.9878
176 20.3008
177 22.0317
178 10.1703
179 17.1176
180 16.6712
181 19.2002
