dih  Etot    EPtot   BOND   ANGLE  DIHED   1-4NB  1-4EEL  VDWAALS  EELEC EGB
-180 -4.1847 -20.8729 5.4435 2.8766 -2.8966 6.1446 53.1199 44.3715 -107.9299 -22.0025
-179 -4.1847 -20.8729 5.4435 2.8766 -2.8966 6.1446 53.1199 44.3715 -107.9299 -22.0025
-178 9.8994 -20.8098 5.4435 2.8766 -2.8935 6.1446 53.1198 44.3715 -107.9287 -21.9437
-177 2.7406 -20.7402 5.4435 2.8766 -2.8840 6.1446 53.1196 44.3715 -107.9285 -21.8836
-176 -0.2680 -20.6646 5.4435 2.8766 -2.8683 6.1446 53.1194 44.3715 -107.9293 -21.8227
-175 -0.7481 -20.5834 5.4435 2.8766 -2.8463 6.1446 53.1190 44.3715 -107.9312 -21.7612
-174 3.8088 -20.4968 5.4435 2.8766 -2.8181 6.1446 53.1186 44.3715 -107.9342 -21.6993
-173 9.5689 -20.4048 5.4435 2.8766 -2.7837 6.1446 53.1180 44.3715 -107.9383 -21.6370
-172 0.7916 -20.3075 5.4435 2.8766 -2.7431 6.1446 53.1174 44.3715 -107.9435 -21.5745
-171 3.7707 -20.2051 5.4435 2.8766 -2.6964 6.1446 53.1166 44.3715 -107.9498 -21.5116
-170 1.9211 -20.0976 5.4435 2.8766 -2.6436 6.1446 53.1157 44.3715 -107.9573 -21.4485
-169 3.1786 -19.9851 5.4435 2.8766 -2.5849 6.1446 53.1147 44.3715 -107.9659 -21.3852
-168 4.9451 -19.8678 5.4435 2.8766 -2.5203 6.1446 53.1135 44.3715 -107.9757 -21.3217
-167 3.2408 -19.7458 5.4435 2.8766 -2.4498 6.1446 53.1123 44.3715 -107.9865 -21.2580
-166 2.2222 -19.6193 5.4435 2.8766 -2.3735 6.1446 53.1109 44.3715 -107.9986 -21.1943
-165 2.3743 -19.4882 5.4435 2.8766 -2.2916 6.1446 53.1093 44.3715 -108.0117 -21.1304
-164 -4.0979 -19.3528 5.4435 2.8766 -2.2042 6.1446 53.1077 44.3715 -108.0260 -21.0665
-163 8.2813 -19.2132 5.4435 2.8766 -2.1112 6.1446 53.1059 44.3715 -108.0414 -21.0026
-162 3.7944 -19.0696 5.4435 2.8766 -2.0130 6.1446 53.1039 44.3715 -108.0580 -20.9388
-161 6.5256 -18.9221 5.4435 2.8766 -1.9095 6.1446 53.1018 44.3715 -108.0755 -20.8750
-160 6.1803 -18.7708 5.4435 2.8766 -1.8009 6.1446 53.0995 44.3715 -108.0942 -20.8114
-159 1.1218 -18.6160 5.4435 2.8766 -1.6874 6.1446 53.0970 44.3715 -108.1138 -20.7480
-158 0.4468 -18.4577 5.4435 2.8766 -1.5690 6.1446 53.0944 44.3715 -108.1345 -20.6848
-157 5.0865 -18.2961 5.4435 2.8766 -1.4460 6.1446 53.0915 44.3715 -108.1560 -20.6219
-156 5.2260 -18.1314 5.4435 2.8766 -1.3184 6.1446 53.0885 44.3715 -108.1785 -20.5593
-155 -0.1882 -17.9637 5.4435 2.8766 -1.1865 6.1446 53.0853 44.3715 -108.2017 -20.4970
-154 4.7794 -17.7932 5.4435 2.8766 -1.0503 6.1446 53.0818 44.3715 -108.2257 -20.4353
-153 6.3182 -17.6199 5.4435 2.8766 -0.9101 6.1446 53.0782 44.3715 -108.2503 -20.3740
-152 7.5391 -17.4442 5.4435 2.8766 -0.7660 6.1446 53.0743 44.3715 -108.2754 -20.3132
-151 4.2116 -17.2659 5.4435 2.8766 -0.6182 6.1446 53.0702 44.3715 -108.3011 -20.2531
-150 9.6757 -17.0855 5.4435 2.8766 -0.4669 6.1446 53.0658 44.3715 -108.3270 -20.1936
-149 5.3870 -16.9028 5.4435 2.8766 -0.3122 6.1446 53.0612 44.3715 -108.3532 -20.1348
-148 4.3948 -16.7181 5.4435 2.8766 -0.1544 6.1446 53.0563 44.3715 -108.3794 -20.0767
-147 10.5929 -16.5314 5.4435 2.8766 0.0063 6.1446 53.0511 44.3715 -108.4055 -20.0195
-146 4.4958 -16.3428 5.4435 2.8766 0.1699 6.1446 53.0457 44.3715 -108.4314 -19.9632
-145 3.7801 -16.1525 5.4435 2.8766 0.3360 6.1446 53.0400 44.3715 -108.4568 -19.9078
-144 8.5135 -15.9605 5.4435 2.8766 0.5044 6.1446 53.0339 44.3715 -108.4816 -19.8534
-143 5.9036 -15.7667 5.4435 2.8766 0.6750 6.1446 53.0276 44.3715 -108.5055 -19.8001
-142 2.8150 -15.5714 5.4435 2.8766 0.8476 6.1446 53.0210 44.3715 -108.5284 -19.7478
-141 3.0812 -15.3745 5.4435 2.8766 1.0219 6.1446 53.0140 44.3715 -108.5499 -19.6968
-140 7.9744 -15.1761 5.4435 2.8766 1.1977 6.1446 53.0067 44.3715 -108.5698 -19.6469
-139 6.8572 -14.9761 5.4435 2.8766 1.3749 6.1446 52.9990 44.3715 -108.5879 -19.5984
-138 15.8642 -14.7746 5.4435 2.8766 1.5531 6.1446 52.9910 44.3715 -108.6038 -19.5512
-137 2.5288 -14.5716 5.4435 2.8766 1.7322 6.1446 52.9827 44.3715 -108.6173 -19.5054
-136 4.3006 -14.3669 5.4435 2.8766 1.9120 6.1446 52.9739 44.3715 -108.6280 -19.4610
-135 4.0423 -14.1605 5.4435 2.8766 2.0922 6.1446 52.9648 44.3715 -108.6357 -19.4181
-134 12.2528 -13.9523 5.4435 2.8766 2.2727 6.1446 52.9553 44.3715 -108.6400 -19.3766
-133 8.5668 -13.7424 5.4435 2.8766 2.4531 6.1446 52.9454 44.3715 -108.6405 -19.3367
-132 8.9432 -13.5304 5.4435 2.8766 2.6334 6.1446 52.9352 44.3715 -108.6369 -19.2983
-131 11.6472 -13.3165 5.4435 2.8766 2.8132 6.1446 52.9245 44.3715 -108.6288 -19.2615
-130 8.6266 -13.1005 5.4435 2.8766 2.9923 6.1446 52.9134 44.3715 -108.6160 -19.2264
-129 7.7774 -12.8823 5.4435 2.8766 3.1706 6.1446 52.9018 44.3715 -108.5980 -19.1930
-128 9.3378 -12.6622 5.4435 2.8766 3.3478 6.1446 52.8898 44.3715 -108.5745 -19.1616
-127 6.6396 -12.4401 5.4435 2.8766 3.5237 6.1446 52.8774 44.3715 -108.5451 -19.1323
-126 12.9503 -12.2157 5.4435 2.8766 3.6980 6.1446 52.8646 44.3715 -108.5095 -19.1051
-125 9.6963 -11.9891 5.4435 2.8766 3.8707 6.1446 52.8513 44.3715 -108.4674 -19.0799
-124 10.7879 -11.7601 5.4435 2.8766 4.0414 6.1446 52.8375 44.3715 -108.4184 -19.0569
-123 12.3948 -11.5287 5.4435 2.8766 4.2099 6.1446 52.8233 44.3715 -108.3623 -19.0359
-122 14.6954 -11.2947 5.4435 2.8766 4.3761 6.1446 52.8086 44.3715 -108.2987 -19.0170
-121 7.0109 -11.0582 5.4435 2.8766 4.5398 6.1446 52.7935 44.3715 -108.2275 -19.0001
-120 14.3625 -10.8192 5.4435 2.8766 4.7006 6.1446 52.7778 44.3715 -108.1484 -18.9855
-119 11.1318 -10.5778 5.4435 2.8766 4.8586 6.1446 52.7617 44.3715 -108.0612 -18.9731
-118 7.2300 -10.3340 5.4435 2.8766 5.0134 6.1446 52.7451 44.3715 -107.9657 -18.9629
-117 7.8278 -10.0877 5.4435 2.8766 5.1648 6.1446 52.7280 44.3715 -107.8620 -18.9548
-116 18.9461 -9.8391 5.4435 2.8766 5.3128 6.1446 52.7104 44.3715 -107.7498 -18.9487
-115 16.7677 -9.5882 5.4435 2.8766 5.4570 6.1446 52.6923 44.3715 -107.6292 -18.9446
-114 11.5343 -9.3353 5.4435 2.8766 5.5974 6.1446 52.6737 44.3715 -107.5002 -18.9425
-113 19.9994 -9.0806 5.4435 2.8766 5.7338 6.1446 52.6546 44.3715 -107.3628 -18.9423
-112 14.3244 -8.8242 5.4435 2.8766 5.8659 6.1446 52.6350 44.3715 -107.2173 -18.9441
-111 8.4010 -8.5665 5.4435 2.8766 5.9937 6.1446 52.6148 44.3715 -107.0637 -18.9476
-110 15.0156 -8.3079 5.4435 2.8766 6.1169 6.1446 52.5942 44.3715 -106.9023 -18.9529
-109 11.0314 -8.0487 5.4435 2.8766 6.2355 6.1446 52.5731 44.3715 -106.7335 -18.9600
-108 22.4851 -7.7894 5.4435 2.8766 6.3493 6.1446 52.5514 44.3715 -106.5575 -18.9688
-107 16.3302 -7.5304 5.4435 2.8766 6.4581 6.1446 52.5292 44.3715 -106.3748 -18.9792
-106 14.7149 -7.2724 5.4435 2.8766 6.5618 6.1446 52.5066 44.3715 -106.1858 -18.9911
-105 12.1583 -7.0159 5.4435 2.8766 6.6603 6.1446 52.4834 44.3715 -105.9911 -19.0046
-104 9.5765 -6.7614 5.4435 2.8766 6.7535 6.1446 52.4597 44.3715 -105.7911 -19.0196
-103 15.0082 -6.5098 5.4435 2.8766 6.8412 6.1446 52.4354 44.3715 -105.5866 -19.0360
-102 12.4619 -6.2616 5.4435 2.8766 6.9233 6.1446 52.4107 44.3715 -105.3781 -19.0538
-101 17.9837 -6.0176 5.4435 2.8766 6.9999 6.1446 52.3855 44.3715 -105.1663 -19.0729
-100 13.9073 -5.7785 5.4435 2.8766 7.0706 6.1446 52.3597 44.3715 -104.9519 -19.0932
-99 16.5905 -5.5452 5.4435 2.8766 7.1356 6.1446 52.3335 44.3715 -104.7358 -19.1147
-98 17.8151 -5.3184 5.4435 2.8766 7.1946 6.1446 52.3068 44.3715 -104.5185 -19.1374
-97 21.6696 -5.0988 5.4435 2.8766 7.2477 6.1446 52.2795 44.3715 -104.3010 -19.1612
-96 18.5290 -4.8873 5.4435 2.8766 7.2947 6.1446 52.2518 44.3715 -104.0840 -19.1860
-95 21.1714 -4.6847 5.4435 2.8766 7.3356 6.1446 52.2236 44.3715 -103.8683 -19.2118
-94 21.4853 -4.4917 5.4435 2.8766 7.3703 6.1446 52.1949 44.3715 -103.6547 -19.2385
-93 19.7550 -4.3092 5.4435 2.8766 7.3989 6.1446 52.1657 44.3715 -103.4439 -19.2660
-92 16.9058 -4.1378 5.4435 2.8766 7.4212 6.1446 52.1360 44.3715 -103.2368 -19.2944
-91 25.0514 -3.9782 5.4435 2.8766 7.4373 6.1446 52.1059 44.3715 -103.0341 -19.3236
-90 25.1043 -3.8313 5.4435 2.8766 7.4471 6.1446 52.0753 44.3715 -102.8364 -19.3534
-89 22.1723 -3.6974 5.4435 2.8766 7.4506 6.1446 52.0443 44.3715 -102.6446 -19.3840
-88 24.4019 -3.5774 5.4435 2.8766 7.4478 6.1446 52.0128 44.3715 -102.4591 -19.4151
-87 14.1151 -3.4717 5.4435 2.8766 7.4387 6.1446 51.9809 44.3715 -102.2807 -19.4468
-86 18.9253 -3.3808 5.4435 2.8766 7.4234 6.1446 51.9486 44.3715 -102.1099 -19.4791
-85 21.1965 -3.3051 5.4435 2.8766 7.4018 6.1446 51.9158 44.3715 -101.9471 -19.5118
-84 14.0528 -3.2449 5.4435 2.8766 7.3739 6.1446 51.8827 44.3715 -101.7929 -19.5448
-83 23.8992 -3.2005 5.4435 2.8766 7.3399 6.1446 51.8491 44.3715 -101.6476 -19.5782
-82 19.1306 -3.1723 5.4435 2.8766 7.2997 6.1446 51.8152 44.3715 -101.5117 -19.6118
-81 27.0823 -3.1604 5.4435 2.8766 7.2534 6.1446 51.7808 44.3715 -101.3853 -19.6456
-80 12.8336 -3.1650 5.4435 2.8766 7.2011 6.1446 51.7461 44.3715 -101.2688 -19.6797
-79 19.7173 -3.1861 5.4435 2.8766 7.1428 6.1446 51.7111 44.3715 -101.1622 -19.7139
-78 20.9331 -3.2237 5.4435 2.8766 7.0786 6.1446 51.6757 44.3715 -101.0658 -19.7484
-77 19.8216 -3.2779 5.4435 2.8766 7.0085 6.1446 51.6399 44.3715 -100.9796 -19.7829
-76 14.1133 -3.3484 5.4435 2.8766 6.9327 6.1446 51.6039 44.3715 -100.9036 -19.8176
-75 21.3107 -3.4350 5.4435 2.8766 6.8512 6.1446 51.5675 44.3715 -100.8379 -19.8521
-74 13.6048 -3.5373 5.4435 2.8766 6.7642 6.1446 51.5309 44.3715 -100.7822 -19.8864
-73 14.1879 -3.6548 5.4435 2.8766 6.6717 6.1446 51.4940 44.3715 -100.7366 -19.9201
-72 17.4605 -3.7871 5.4435 2.8766 6.5739 6.1446 51.4568 44.3715 -100.7008 -19.9531
-71 16.6422 -3.9338 5.4435 2.8766 6.4709 6.1446 51.4193 44.3715 -100.6747 -19.9855
-70 18.0423 -4.0945 5.4435 2.8766 6.3628 6.1446 51.3817 44.3715 -100.6581 -20.0172
-69 17.4593 -4.2689 5.4435 2.8766 6.2497 6.1446 51.3438 44.3715 -100.6506 -20.0481
-68 18.7387 -4.4564 5.4435 2.8766 6.1318 6.1446 51.3057 44.3715 -100.6520 -20.0782
-67 13.0631 -4.6566 5.4435 2.8766 6.0092 6.1446 51.2675 44.3715 -100.6620 -20.1075
-66 19.5486 -4.8689 5.4435 2.8766 5.8821 6.1446 51.2291 44.3715 -100.6803 -20.1360
-65 14.8232 -5.0928 5.4435 2.8766 5.7507 6.1446 51.1905 44.3715 -100.7065 -20.1636
-64 11.4586 -5.3278 5.4435 2.8766 5.6150 6.1446 51.1518 44.3715 -100.7404 -20.1904
-63 14.9241 -5.5733 5.4435 2.8766 5.4752 6.1446 51.1130 44.3715 -100.7815 -20.2163
-62 13.1342 -5.8287 5.4435 2.8766 5.3316 6.1446 51.0741 44.3715 -100.8294 -20.2413
-61 13.9427 -6.0936 5.4435 2.8766 5.1843 6.1446 51.0352 44.3715 -100.8839 -20.2654
-60 14.3646 -6.3672 5.4435 2.8766 5.0335 6.1446 50.9962 44.3715 -100.9445 -20.2887
-59 29.7707 -6.6491 5.4435 2.8766 4.8793 6.1446 50.9571 44.3715 -101.0108 -20.3110
-58 14.2202 -6.9387 5.4435 2.8766 4.7220 6.1446 50.9181 44.3715 -101.0826 -20.3325
-57 14.4579 -7.2354 5.4435 2.8766 4.5617 6.1446 50.8791 44.3715 -101.1594 -20.3531
-56 10.1611 -7.5387 5.4435 2.8766 4.3987 6.1446 50.8401 44.3715 -101.2409 -20.3728
-55 17.1528 -7.8480 5.4435 2.8766 4.2331 6.1446 50.8012 44.3715 -101.3268 -20.3917
-54 13.9159 -8.1627 5.4435 2.8766 4.0652 6.1446 50.7623 44.3715 -101.4167 -20.4098
-53 9.7502 -8.4824 5.4435 2.8766 3.8951 6.1446 50.7236 44.3715 -101.5102 -20.4270
-52 14.1599 -8.8065 5.4435 2.8766 3.7230 6.1446 50.6849 44.3715 -101.6071 -20.4435
-51 11.3751 -9.1344 5.4435 2.8766 3.5492 6.1446 50.6464 44.3715 -101.7071 -20.4592
-50 13.3655 -9.4657 5.4435 2.8766 3.3739 6.1446 50.6081 44.3715 -101.8099 -20.4741
-49 16.0432 -9.7999 5.4435 2.8766 3.1973 6.1446 50.5700 44.3715 -101.9151 -20.4883
-48 4.6458 -10.1365 5.4435 2.8766 3.0195 6.1446 50.5321 44.3715 -102.0226 -20.5018
-47 15.4482 -10.4750 5.4435 2.8766 2.8409 6.1446 50.4945 44.3715 -102.1320 -20.5147
-46 9.5739 -10.8150 5.4435 2.8766 2.6617 6.1446 50.4571 44.3715 -102.2431 -20.5268
-45 10.7499 -11.1560 5.4435 2.8766 2.4819 6.1446 50.4200 44.3715 -102.3557 -20.5384
-44 10.7091 -11.4975 5.4435 2.8766 2.3020 6.1446 50.3832 44.3715 -102.4696 -20.5494
-43 6.3208 -11.8393 5.4435 2.8766 2.1221 6.1446 50.3468 44.3715 -102.5846 -20.5597
-42 14.0100 -12.1807 5.4435 2.8766 1.9423 6.1446 50.3107 44.3715 -102.7004 -20.5696
-41 13.6661 -12.5215 5.4435 2.8766 1.7631 6.1446 50.2750 44.3715 -102.8169 -20.5789
-40 9.2212 -12.8613 5.4435 2.8766 1.5844 6.1446 50.2397 44.3715 -102.9339 -20.5878
-39 6.8415 -13.1996 5.4435 2.8766 1.4066 6.1446 50.2049 44.3715 -103.0512 -20.5961
-38 9.9495 -13.5362 5.4435 2.8766 1.2300 6.1446 50.1705 44.3715 -103.1688 -20.6041
-37 6.5471 -13.8706 5.4435 2.8766 1.0546 6.1446 50.1366 44.3715 -103.2864 -20.6117
-36 7.7214 -14.2025 5.4435 2.8766 0.8807 6.1446 50.1033 44.3715 -103.4039 -20.6189
-35 5.4926 -14.5317 5.4435 2.8766 0.7086 6.1446 50.0704 44.3715 -103.5212 -20.6257
-34 9.1646 -14.8577 5.4435 2.8766 0.5384 6.1446 50.0381 44.3715 -103.6382 -20.6323
-33 11.1007 -15.1802 5.4435 2.8766 0.3704 6.1446 50.0065 44.3715 -103.7548 -20.6385
-32 2.1808 -15.4983 5.4435 2.8766 0.2047 6.1446 49.9754 44.3715 -103.8708 -20.6438
-31 11.5587 -15.8115 5.4435 2.8766 0.0415 6.1446 49.9449 44.3715 -103.9862 -20.6479
-30 8.0163 -16.1194 5.4435 2.8766 -0.1189 6.1446 49.9151 44.3715 -104.1010 -20.6509
-29 5.9649 -16.4220 5.4435 2.8766 -0.2763 6.1446 49.8860 44.3715 -104.2150 -20.6530
-28 7.6453 -16.7190 5.4435 2.8766 -0.4306 6.1446 49.8576 44.3715 -104.3281 -20.6542
-27 4.4881 -17.0102 5.4435 2.8766 -0.5816 6.1446 49.8300 44.3715 -104.4403 -20.6545
-26 5.6214 -17.2955 5.4435 2.8766 -0.7290 6.1446 49.8030 44.3715 -104.5516 -20.6541
-25 9.8548 -17.5747 5.4435 2.8766 -0.8728 6.1446 49.7769 44.3715 -104.6619 -20.6531
-24 6.1276 -17.8476 5.4435 2.8766 -1.0127 6.1446 49.7515 44.3715 -104.7711 -20.6515
-23 6.4780 -18.1141 5.4435 2.8766 -1.1486 6.1446 49.7270 44.3715 -104.8791 -20.6495
-22 10.5571 -18.3741 5.4435 2.8766 -1.2802 6.1446 49.7032 44.3715 -104.9861 -20.6473
-21 6.1329 -18.6276 5.4435 2.8766 -1.4075 6.1446 49.6804 44.3715 -105.0919 -20.6448
-20 7.3536 -18.8744 5.4435 2.8766 -1.5303 6.1446 49.6584 44.3715 -105.1964 -20.6422
-19 7.1186 -19.1142 5.4435 2.8766 -1.6484 6.1446 49.6373 44.3715 -105.2997 -20.6395
-18 4.0457 -19.3469 5.4435 2.8766 -1.7617 6.1446 49.6171 44.3715 -105.4018 -20.6367
-17 -2.7990 -19.5725 5.4435 2.8766 -1.8701 6.1446 49.5978 44.3715 -105.5026 -20.6339
-16 9.5273 -19.7907 5.4435 2.8766 -1.9733 6.1446 49.5795 44.3715 -105.6020 -20.6311
-15 1.0652 -20.0015 5.4435 2.8766 -2.0714 6.1446 49.5621 44.3715 -105.7002 -20.6283
-14 -4.4295 -20.2048 5.4435 2.8766 -2.1641 6.1446 49.5457 44.3715 -105.7970 -20.6256
-13 5.3363 -20.4003 5.4435 2.8766 -2.2514 6.1446 49.5303 44.3715 -105.8925 -20.6230
-12 0.8353 -20.5882 5.4435 2.8766 -2.3331 6.1446 49.5159 44.3715 -105.9866 -20.6206
-11 -0.1358 -20.7681 5.4435 2.8766 -2.4092 6.1446 49.5025 44.3715 -106.0794 -20.6183
-10 -0.3642 -20.9402 5.4435 2.8766 -2.4796 6.1446 49.4902 44.3715 -106.1708 -20.6163
-9 4.7297 -21.1043 5.4435 2.8766 -2.5441 6.1446 49.4788 44.3715 -106.2608 -20.6144
-8 0.7217 -21.2603 5.4435 2.8766 -2.6027 6.1446 49.4686 44.3715 -106.3495 -20.6129
-7 5.9285 -21.4082 5.4435 2.8766 -2.6553 6.1446 49.4593 44.3715 -106.4368 -20.6117
-6 5.0659 -21.5479 5.4435 2.8766 -2.7019 6.1446 49.4512 44.3715 -106.5227 -20.6107
-5 1.7415 -21.6795 5.4435 2.8766 -2.7424 6.1446 49.4441 44.3715 -106.6073 -20.6102
-4 0.8926 -21.8029 5.4435 2.8766 -2.7768 6.1446 49.4381 44.3715 -106.6904 -20.6100
-3 -1.2391 -21.9180 5.4435 2.8766 -2.8049 6.1446 49.4332 44.3715 -106.7723 -20.6102
-2 4.7069 -22.0249 5.4435 2.8766 -2.8269 6.1446 49.4293 44.3715 -106.8528 -20.6109
-1 -2.3031 -22.1236 5.4435 2.8766 -2.8426 6.1446 49.4266 44.3715 -106.9319 -20.6120
0 -1.1883 -22.2140 5.4435 2.8766 -2.8520 6.1446 49.4250 44.3715 -107.0097 -20.6136
1 4.3765 -22.2962 5.4435 2.8766 -2.8551 6.1446 49.4244 44.3715 -107.0861 -20.6156
2 -0.4020 -22.3702 5.4435 2.8766 -2.8520 6.1446 49.4250 44.3715 -107.1612 -20.6182
3 -1.0545 -22.4361 5.4435 2.8766 -2.8426 6.1446 49.4266 44.3715 -107.2350 -20.6213
4 -3.2185 -22.4938 5.4435 2.8766 -2.8269 6.1446 49.4293 44.3715 -107.3075 -20.6250
5 1.0130 -22.5434 5.4435 2.8766 -2.8049 6.1446 49.4332 44.3715 -107.3786 -20.6292
6 -2.8457 -22.5850 5.4435 2.8766 -2.7768 6.1446 49.4381 44.3715 -107.4485 -20.6340
7 0.0531 -22.6182 5.4435 2.8766 -2.7424 6.1446 49.4441 44.3715 -107.5171 -20.6390
8 6.5065 -22.6428 5.4435 2.8766 -2.7019 6.1446 49.4512 44.3715 -107.5844 -20.6439
9 -6.1649 -22.6589 5.4435 2.8766 -2.6553 6.1446 49.4593 44.3715 -107.6504 -20.6487
10 3.2175 -22.6666 5.4435 2.8766 -2.6027 6.1446 49.4686 44.3715 -107.7152 -20.6535
11 1.6203 -22.6660 5.4435 2.8766 -2.5441 6.1446 49.4788 44.3715 -107.7787 -20.6583
12 -1.3969 -22.6573 5.4435 2.8766 -2.4796 6.1446 49.4902 44.3715 -107.8410 -20.6631
13 -8.5076 -22.6406 5.4435 2.8766 -2.4092 6.1446 49.5025 44.3715 -107.9020 -20.6681
14 -0.0719 -22.6162 5.4435 2.8766 -2.3331 6.1446 49.5159 44.3715 -107.9619 -20.6733
15 0.6422 -22.5841 5.4435 2.8766 -2.2514 6.1446 49.5303 44.3715 -108.0205 -20.6787
16 0.1224 -22.5446 5.4435 2.8766 -2.1641 6.1446 49.5457 44.3715 -108.0780 -20.6844
17 -1.1377 -22.4977 5.4435 2.8766 -2.0714 6.1446 49.5621 44.3715 -108.1342 -20.6904
18 0.7946 -22.4437 5.4435 2.8766 -1.9733 6.1446 49.5795 44.3715 -108.1893 -20.6968
19 7.3380 -22.3828 5.4435 2.8766 -1.8701 6.1446 49.5978 44.3715 -108.2432 -20.7036
20 0.2696 -22.3151 5.4435 2.8766 -1.7617 6.1446 49.6171 44.3715 -108.2960 -20.7107
21 -4.5466 -22.2409 5.4435 2.8766 -1.6484 6.1446 49.6373 44.3715 -108.3476 -20.7183
22 1.8317 -22.1602 5.4435 2.8766 -1.5303 6.1446 49.6584 44.3715 -108.3981 -20.7264
23 -0.6793 -22.0734 5.4435 2.8766 -1.4075 6.1446 49.6804 44.3715 -108.4475 -20.7350
24 -2.5137 -21.9806 5.4435 2.8766 -1.2802 6.1446 49.7032 44.3715 -108.4958 -20.7440
25 11.0101 -21.8820 5.4435 2.8766 -1.1486 6.1446 49.7270 44.3715 -108.5429 -20.7536
26 -0.3953 -21.7778 5.4435 2.8766 -1.0127 6.1446 49.7515 44.3715 -108.5890 -20.7638
27 1.9866 -21.6682 5.4435 2.8766 -0.8728 6.1446 49.7769 44.3715 -108.6340 -20.7745
28 2.1661 -21.5535 5.4435 2.8766 -0.7290 6.1446 49.8030 44.3715 -108.6779 -20.7858
29 -2.7012 -21.4338 5.4435 2.8766 -0.5816 6.1446 49.8300 44.3715 -108.7208 -20.7976
30 6.8099 -21.3093 5.4435 2.8766 -0.4306 6.1446 49.8576 44.3715 -108.7626 -20.8100
31 0.6774 -21.1804 5.4435 2.8766 -0.2763 6.1446 49.8860 44.3715 -108.8034 -20.8230
32 -2.1210 -21.0472 5.4435 2.8766 -0.1189 6.1446 49.9152 44.3715 -108.8431 -20.8366
33 -3.9182 -20.9099 5.4435 2.8766 0.0415 6.1446 49.9449 44.3715 -108.8818 -20.8507
34 3.1278 -20.7687 5.4435 2.8766 0.2047 6.1446 49.9754 44.3715 -108.9195 -20.8655
35 6.2933 -20.6240 5.4435 2.8766 0.3704 6.1446 50.0065 44.3715 -108.9562 -20.8808
36 3.9570 -20.4759 5.4435 2.8766 0.5384 6.1446 50.0381 44.3715 -108.9920 -20.8967
37 4.9029 -20.3247 5.4435 2.8766 0.7086 6.1446 50.0704 44.3715 -109.0267 -20.9132
38 6.2900 -20.1705 5.4435 2.8766 0.8807 6.1446 50.1033 44.3715 -109.0604 -20.9303
39 -0.2040 -20.0138 5.4435 2.8766 1.0546 6.1446 50.1366 44.3715 -109.0932 -20.9480
40 -0.8759 -19.8545 5.4435 2.8766 1.2300 6.1446 50.1705 44.3715 -109.1250 -20.9662
41 9.7656 -19.6931 5.4435 2.8766 1.4066 6.1446 50.2049 44.3715 -109.1559 -20.9850
42 1.5896 -19.5298 5.4435 2.8766 1.5844 6.1446 50.2397 44.3715 -109.1858 -21.0044
43 2.4105 -19.3648 5.4435 2.8766 1.7630 6.1446 50.2750 44.3715 -109.2148 -21.0243
44 5.3467 -19.1983 5.4435 2.8766 1.9423 6.1446 50.3107 44.3715 -109.2429 -21.0447
45 2.7202 -19.0306 5.4435 2.8766 2.1221 6.1446 50.3468 44.3715 -109.2700 -21.0656
46 4.4218 -18.8619 5.4435 2.8766 2.3020 6.1446 50.3832 44.3715 -109.2962 -21.0871
47 2.9869 -18.6925 5.4435 2.8766 2.4819 6.1446 50.4200 44.3715 -109.3216 -21.1091
48 9.6386 -18.5226 5.4435 2.8766 2.6617 6.1446 50.4571 44.3715 -109.3460 -21.1316
49 0.6461 -18.3524 5.4435 2.8766 2.8409 6.1446 50.4945 44.3715 -109.3695 -21.1545
50 8.2113 -18.1822 5.4435 2.8766 3.0195 6.1446 50.5321 44.3715 -109.3922 -21.1779
51 8.8881 -18.0122 5.4435 2.8766 3.1973 6.1446 50.5700 44.3715 -109.4139 -21.2018
52 17.2188 -17.8427 5.4435 2.8766 3.3739 6.1446 50.6081 44.3715 -109.4348 -21.2261
53 6.3337 -17.6739 5.4435 2.8766 3.5492 6.1446 50.6464 44.3715 -109.4549 -21.2509
54 11.1821 -17.5059 5.4435 2.8766 3.7230 6.1446 50.6849 44.3715 -109.4740 -21.2760
55 1.6806 -17.3391 5.4435 2.8766 3.8951 6.1446 50.7236 44.3715 -109.4924 -21.3016
56 7.6520 -17.1737 5.4435 2.8766 4.0652 6.1446 50.7623 44.3715 -109.5099 -21.3275
57 4.5933 -17.0098 5.4435 2.8766 4.2331 6.1446 50.8012 44.3715 -109.5265 -21.3538
58 4.3084 -16.8478 5.4435 2.8766 4.3987 6.1446 50.8401 44.3715 -109.5423 -21.3805
59 8.1674 -16.6877 5.4435 2.8766 4.5617 6.1446 50.8791 44.3715 -109.5573 -21.4075
60 7.0667 -16.5299 5.4435 2.8766 4.7220 6.1446 50.9181 44.3715 -109.5715 -21.4348
61 5.6768 -16.3745 5.4435 2.8766 4.8793 6.1446 50.9571 44.3715 -109.5848 -21.4624
62 3.5274 -16.2217 5.4435 2.8766 5.0335 6.1446 50.9962 44.3715 -109.5974 -21.4903
63 3.0394 -16.0718 5.4435 2.8766 5.1843 6.1446 51.0352 44.3715 -109.6091 -21.5184
64 14.3859 -15.9249 5.4435 2.8766 5.3316 6.1446 51.0741 44.3715 -109.6201 -21.5468
65 7.1055 -15.7812 5.4435 2.8766 5.4752 6.1446 51.1130 44.3715 -109.6302 -21.5755
66 4.9100 -15.6409 5.4435 2.8766 5.6150 6.1446 51.1518 44.3715 -109.6396 -21.6043
67 3.3660 -15.5042 5.4435 2.8766 5.7506 6.1446 51.1905 44.3715 -109.6482 -21.6334
68 1.5377 -15.3712 5.4435 2.8766 5.8821 6.1446 51.2291 44.3715 -109.6560 -21.6626
69 10.7055 -15.2421 5.4435 2.8766 6.0092 6.1446 51.2675 44.3715 -109.6630 -21.6920
70 6.4746 -15.1171 5.4435 2.8766 6.1318 6.1446 51.3057 44.3715 -109.6693 -21.7216
71 8.7729 -14.9964 5.4435 2.8766 6.2497 6.1446 51.3438 44.3715 -109.6748 -21.7513
72 9.3702 -14.8800 5.4435 2.8766 6.3628 6.1446 51.3817 44.3715 -109.6796 -21.7811
73 14.0268 -14.7681 5.4435 2.8766 6.4709 6.1446 51.4193 44.3715 -109.6836 -21.8110
74 3.6653 -14.6609 5.4435 2.8766 6.5739 6.1446 51.4568 44.3715 -109.6868 -21.8410
75 5.1827 -14.5585 5.4435 2.8766 6.6717 6.1446 51.4940 44.3715 -109.6894 -21.8710
76 12.2076 -14.4609 5.4435 2.8766 6.7642 6.1446 51.5309 44.3715 -109.6912 -21.9011
77 7.2268 -14.3684 5.4435 2.8766 6.8512 6.1446 51.5675 44.3715 -109.6922 -21.9312
78 4.6909 -14.2810 5.4435 2.8766 6.9327 6.1446 51.6039 44.3715 -109.6926 -21.9613
79 12.3943 -14.1989 5.4435 2.8766 7.0085 6.1446 51.6399 44.3715 -109.6922 -21.9913
80 6.9795 -14.1221 5.4435 2.8766 7.0786 6.1446 51.6757 44.3715 -109.6911 -22.0214
81 8.3674 -14.0507 5.4435 2.8766 7.1428 6.1446 51.7111 44.3715 -109.6893 -22.0514
82 12.4928 -13.9848 5.4435 2.8766 7.2011 6.1446 51.7461 44.3715 -109.6868 -22.0814
83 4.5877 -13.9244 5.4435 2.8766 7.2534 6.1446 51.7808 44.3715 -109.6837 -22.1112
84 10.2531 -13.8697 5.4435 2.8766 7.2997 6.1446 51.8152 44.3715 -109.6798 -22.1410
85 15.8381 -13.8206 5.4435 2.8766 7.3399 6.1446 51.8491 44.3715 -109.6752 -22.1706
86 5.3534 -13.7773 5.4435 2.8766 7.3739 6.1446 51.8827 44.3715 -109.6700 -22.2002
87 8.6691 -13.7397 5.4435 2.8766 7.4018 6.1446 51.9158 44.3715 -109.6641 -22.2295
88 10.5043 -13.7080 5.4435 2.8766 7.4234 6.1446 51.9486 44.3715 -109.6575 -22.2587
89 7.2141 -13.6821 5.4435 2.8766 7.4387 6.1446 51.9809 44.3715 -109.6503 -22.2877
90 6.3826 -13.6620 5.4435 2.8766 7.4478 6.1446 52.0128 44.3715 -109.6424 -22.3165
91 4.0800 -13.6478 5.4435 2.8766 7.4506 6.1446 52.0443 44.3715 -109.6338 -22.3450
92 12.6704 -13.6394 5.4435 2.8766 7.4471 6.1446 52.0753 44.3715 -109.6247 -22.3734
93 8.3565 -13.6368 5.4435 2.8766 7.4373 6.1446 52.1059 44.3715 -109.6148 -22.4014
94 3.9720 -13.6401 5.4435 2.8766 7.4212 6.1446 52.1360 44.3715 -109.6044 -22.4292
95 8.3107 -13.6492 5.4435 2.8766 7.3989 6.1446 52.1657 44.3715 -109.5933 -22.4567
96 2.1436 -13.6641 5.4435 2.8766 7.3703 6.1446 52.1949 44.3715 -109.5817 -22.4838
97 12.9203 -13.6847 5.4435 2.8766 7.3356 6.1446 52.2236 44.3715 -109.5694 -22.5107
98 15.8689 -13.7110 5.4435 2.8766 7.2947 6.1446 52.2518 44.3715 -109.5565 -22.5372
99 14.6771 -13.7429 5.4435 2.8766 7.2477 6.1446 52.2795 44.3715 -109.5431 -22.5633
100 7.2601 -13.7805 5.4435 2.8766 7.1946 6.1446 52.3068 44.3715 -109.5290 -22.5890
101 9.6118 -13.8235 5.4435 2.8766 7.1356 6.1446 52.3335 44.3715 -109.5144 -22.6144
102 7.8211 -13.8719 5.4435 2.8766 7.0706 6.1446 52.3597 44.3715 -109.4992 -22.6393
103 6.6974 -13.9257 5.4435 2.8766 6.9999 6.1446 52.3855 44.3715 -109.4835 -22.6637
104 12.5182 -13.9847 5.4435 2.8766 6.9234 6.1446 52.4107 44.3715 -109.4673 -22.6878
105 7.7522 -14.0489 5.4435 2.8766 6.8412 6.1446 52.4354 44.3715 -109.4504 -22.7113
106 8.6494 -14.1181 5.4435 2.8766 6.7535 6.1446 52.4597 44.3715 -109.4331 -22.7344
107 14.7065 -14.1923 5.4435 2.8766 6.6603 6.1446 52.4834 44.3715 -109.4153 -22.7569
108 6.0032 -14.2713 5.4435 2.8766 6.5618 6.1446 52.5066 44.3715 -109.3969 -22.7790
109 9.0710 -14.3550 5.4435 2.8766 6.4581 6.1446 52.5292 44.3715 -109.3781 -22.8004
110 1.9424 -14.4433 5.4435 2.8766 6.3493 6.1446 52.5514 44.3715 -109.3588 -22.8214
111 6.4503 -14.5359 5.4435 2.8766 6.2355 6.1446 52.5731 44.3715 -109.3390 -22.8417
112 5.0354 -14.6329 5.4435 2.8766 6.1169 6.1446 52.5942 44.3715 -109.3188 -22.8615
113 1.8125 -14.7340 5.4435 2.8766 5.9937 6.1446 52.6148 44.3715 -109.2981 -22.8806
114 2.1296 -14.8390 5.4435 2.8766 5.8659 6.1446 52.6350 44.3715 -109.2770 -22.8991
115 3.4634 -14.9479 5.4435 2.8766 5.7338 6.1446 52.6546 44.3715 -109.2555 -22.9170
116 11.8660 -15.0605 5.4435 2.8766 5.5974 6.1446 52.6737 44.3715 -109.2336 -22.9342
117 10.8973 -15.1765 5.4435 2.8766 5.4570 6.1446 52.6923 44.3715 -109.2113 -22.9508
118 7.2672 -15.2958 5.4435 2.8766 5.3128 6.1446 52.7104 44.3715 -109.1886 -22.9666
119 5.1755 -15.4183 5.4435 2.8766 5.1648 6.1446 52.7280 44.3715 -109.1655 -22.9818
120 5.9310 -15.5437 5.4435 2.8766 5.0134 6.1446 52.7451 44.3715 -109.1422 -22.9962
121 4.4982 -15.6718 5.4435 2.8766 4.8586 6.1446 52.7617 44.3715 -109.1185 -23.0099
122 7.7470 -15.8026 5.4435 2.8766 4.7006 6.1446 52.7778 44.3715 -109.0945 -23.0228
123 0.0140 -15.9357 5.4435 2.8766 4.5398 6.1446 52.7935 44.3715 -109.0702 -23.0350
124 8.4093 -16.0710 5.4435 2.8766 4.3761 6.1446 52.8086 44.3715 -109.0456 -23.0463
125 8.7060 -16.2083 5.4435 2.8766 4.2099 6.1446 52.8233 44.3715 -109.0208 -23.0569
126 1.7656 -16.3473 5.4435 2.8766 4.0414 6.1446 52.8375 44.3715 -108.9958 -23.0667
127 3.2424 -16.4879 5.4435 2.8766 3.8707 6.1446 52.8513 44.3715 -108.9705 -23.0756
128 3.3202 -16.6298 5.4435 2.8766 3.6980 6.1446 52.8646 44.3715 -108.9451 -23.0836
129 4.6000 -16.7729 5.4435 2.8766 3.5237 6.1446 52.8774 44.3715 -108.9194 -23.0908
130 7.0017 -16.9169 5.4435 2.8766 3.3478 6.1446 52.8898 44.3715 -108.8936 -23.0972
131 3.9915 -17.0617 5.4435 2.8766 3.1706 6.1446 52.9018 44.3715 -108.8677 -23.1026
132 3.9278 -17.2069 5.4435 2.8766 2.9923 6.1446 52.9134 44.3715 -108.8417 -23.1071
133 6.5090 -17.3525 5.4435 2.8766 2.8132 6.1446 52.9245 44.3715 -108.8156 -23.1108
134 0.2366 -17.4981 5.4435 2.8766 2.6334 6.1446 52.9352 44.3715 -108.7894 -23.1135
135 2.1714 -17.6436 5.4435 2.8766 2.4531 6.1446 52.9454 44.3715 -108.7632 -23.1153
136 4.6273 -17.7888 5.4435 2.8766 2.2727 6.1446 52.9553 44.3715 -108.7369 -23.1161
137 4.8637 -17.9334 5.4435 2.8766 2.0922 6.1446 52.9648 44.3715 -108.7107 -23.1160
138 3.3821 -18.0773 5.4435 2.8766 1.9120 6.1446 52.9739 44.3715 -108.6845 -23.1150
139 2.6338 -18.2202 5.4435 2.8766 1.7322 6.1446 52.9827 44.3715 -108.6583 -23.1130
140 -0.2757 -18.3619 5.4435 2.8766 1.5531 6.1446 52.9910 44.3715 -108.6322 -23.1100
141 0.9102 -18.5021 5.4435 2.8766 1.3749 6.1446 52.9990 44.3715 -108.6062 -23.1061
142 -0.5734 -18.6408 5.4435 2.8766 1.1977 6.1446 53.0067 44.3715 -108.5803 -23.1011
143 -2.0674 -18.7777 5.4435 2.8766 1.0219 6.1446 53.0140 44.3715 -108.5546 -23.0952
144 5.6298 -18.9126 5.4435 2.8766 0.8476 6.1446 53.0210 44.3715 -108.5291 -23.0883
145 5.8759 -19.0452 5.4435 2.8766 0.6750 6.1446 53.0276 44.3715 -108.5037 -23.0804
146 11.9678 -19.1755 5.4435 2.8766 0.5044 6.1446 53.0339 44.3715 -108.4786 -23.0715
147 4.3919 -19.3031 5.4435 2.8766 0.3360 6.1446 53.0400 44.3715 -108.4537 -23.0615
148 -1.9606 -19.4279 5.4435 2.8766 0.1699 6.1446 53.0457 44.3715 -108.4291 -23.0506
149 2.1600 -19.5498 5.4435 2.8766 0.0063 6.1446 53.0511 44.3715 -108.4048 -23.0386
150 0.0575 -19.6684 5.4435 2.8766 -0.1544 6.1446 53.0563 44.3715 -108.3808 -23.0256
151 4.7057 -19.7837 5.4435 2.8766 -0.3122 6.1446 53.0612 44.3715 -108.3572 -23.0116
152 1.9537 -19.8954 5.4435 2.8766 -0.4669 6.1446 53.0658 44.3715 -108.3340 -22.9965
153 12.2456 -20.0034 5.4435 2.8766 -0.6182 6.1446 53.0702 44.3715 -108.3111 -22.9804
154 -3.0554 -20.1074 5.4435 2.8766 -0.7660 6.1446 53.0743 44.3715 -108.2887 -22.9632
155 1.4498 -20.2074 5.4435 2.8766 -0.9101 6.1446 53.0782 44.3715 -108.2667 -22.9450
156 7.9340 -20.3032 5.4435 2.8766 -1.0503 6.1446 53.0818 44.3715 -108.2452 -22.9257
157 -0.9996 -20.3945 5.4435 2.8766 -1.1865 6.1446 53.0853 44.3715 -108.2243 -22.9052
158 5.9377 -20.4812 5.4435 2.8766 -1.3184 6.1446 53.0885 44.3715 -108.2038 -22.8837
159 1.3229 -20.5632 5.4435 2.8766 -1.4460 6.1446 53.0915 44.3715 -108.1839 -22.8611
160 -4.4714 -20.6403 5.4435 2.8766 -1.5690 6.1446 53.0944 44.3715 -108.1645 -22.8373
161 3.6855 -20.7124 5.4435 2.8766 -1.6874 6.1446 53.0970 44.3715 -108.1458 -22.8124
162 -3.1867 -20.7792 5.4435 2.8766 -1.8009 6.1446 53.0995 44.3715 -108.1277 -22.7864
163 -0.2271 -20.8408 5.4435 2.8766 -1.9095 6.1446 53.1018 44.3715 -108.1102 -22.7591
164 -1.3407 -20.8968 5.4435 2.8766 -2.0130 6.1446 53.1039 44.3715 -108.0934 -22.7306
165 11.0114 -20.9473 5.4435 2.8766 -2.1112 6.1446 53.1059 44.3715 -108.0772 -22.7009
166 7.0929 -20.9920 5.4435 2.8766 -2.2042 6.1446 53.1077 44.3715 -108.0618 -22.6699
167 1.1764 -21.0308 5.4435 2.8766 -2.2916 6.1446 53.1093 44.3715 -108.0471 -22.6376
168 2.8195 -21.0636 5.4435 2.8766 -2.3735 6.1446 53.1109 44.3715 -108.0332 -22.6040
169 5.4747 -21.0903 5.4435 2.8766 -2.4498 6.1446 53.1123 44.3715 -108.0200 -22.5690
170 -3.3980 -21.1105 5.4435 2.8766 -2.5203 6.1446 53.1135 44.3715 -108.0076 -22.5323
171 -0.6189 -21.1240 5.4435 2.8766 -2.5849 6.1446 53.1147 44.3715 -107.9961 -22.4939
172 6.6332 -21.1309 5.4435 2.8766 -2.6436 6.1446 53.1157 44.3715 -107.9854 -22.4537
173 1.1569 -21.1308 5.4435 2.8766 -2.6964 6.1446 53.1166 44.3715 -107.9755 -22.4117
174 3.3716 -21.1237 5.4435 2.8766 -2.7431 6.1446 53.1174 44.3715 -107.9666 -22.3676
175 -1.3239 -21.1094 5.4435 2.8766 -2.7837 6.1446 53.1180 44.3715 -107.9585 -22.3215
176 -1.0376 -21.0879 5.4435 2.8766 -2.8181 6.1446 53.1186 44.3715 -107.9513 -22.2733
177 -3.9334 -21.0589 5.4435 2.8766 -2.8463 6.1446 53.1190 44.3715 -107.9451 -22.2227
178 -1.8302 -21.0224 5.4435 2.8766 -2.8683 6.1446 53.1194 44.3715 -107.9398 -22.1699
179 6.2831 -20.9792 5.4435 2.8766 -2.8840 6.1446 53.1196 44.3715 -107.9355 -22.1155
180 1.5213 -20.9294 5.4435 2.8766 -2.8935 6.1446 53.1198 44.3715 -107.9322 -22.0597
