dih  Etot    EPtot   BOND   ANGLE  DIHED   1-4NB  1-4EEL  VDWAALS  EELEC EGB
-180 23.8737 2.4945 5.4435 2.8766 18.5156 6.1446 27.5823 44.3715 -102.4396 0.0000
-179 23.8737 2.4945 5.4435 2.8766 18.5156 6.1446 27.5823 44.3715 -102.4396 0.0000
-178 29.5964 2.5123 5.4435 2.8766 18.5181 6.1446 27.5820 44.3715 -102.4240 0.0000
-177 28.1496 2.5338 5.4435 2.8766 18.5255 6.1446 27.5810 44.3715 -102.4090 0.0000
-176 26.2177 2.5588 5.4435 2.8766 18.5379 6.1446 27.5794 44.3715 -102.3948 0.0000
-175 22.1364 2.5874 5.4435 2.8766 18.5552 6.1446 27.5772 44.3715 -102.3813 0.0000
-174 22.5652 2.6195 5.4435 2.8766 18.5775 6.1446 27.5744 44.3715 -102.3685 0.0000
-173 22.7210 2.6552 5.4435 2.8766 18.6046 6.1446 27.5709 44.3715 -102.3566 0.0000
-172 24.0802 2.6943 5.4435 2.8766 18.6368 6.1446 27.5669 44.3715 -102.3455 0.0000
-171 28.0355 2.7369 5.4435 2.8766 18.6738 6.1446 27.5621 44.3715 -102.3352 0.0000
-170 25.3732 2.7829 5.4435 2.8766 18.7157 6.1446 27.5568 44.3715 -102.3258 0.0000
-169 24.6258 2.8323 5.4435 2.8766 18.7626 6.1446 27.5508 44.3715 -102.3172 0.0000
-168 23.0491 2.8851 5.4435 2.8766 18.8143 6.1446 27.5441 44.3715 -102.3096 0.0000
-167 35.6981 2.9411 5.4435 2.8766 18.8708 6.1446 27.5369 44.3715 -102.3028 0.0000
-166 25.0259 3.0004 5.4435 2.8766 18.9322 6.1446 27.5290 44.3715 -102.2970 0.0000
-165 30.6879 3.0630 5.4435 2.8766 18.9985 6.1446 27.5204 44.3715 -102.2921 0.0000
-164 23.2710 3.1288 5.4435 2.8766 19.0695 6.1446 27.5113 44.3715 -102.2882 0.0000
-163 29.3792 3.1978 5.4435 2.8766 19.1453 6.1446 27.5015 44.3715 -102.2852 0.0000
-162 24.2840 3.2699 5.4435 2.8766 19.2258 6.1446 27.4910 44.3715 -102.2831 0.0000
-161 25.8936 3.3452 5.4435 2.8766 19.3110 6.1446 27.4799 44.3715 -102.2820 0.0000
-160 27.3960 3.4235 5.4435 2.8766 19.4010 6.1446 27.4682 44.3715 -102.2818 0.0000
-159 34.5874 3.5049 5.4435 2.8766 19.4955 6.1446 27.4558 44.3715 -102.2826 0.0000
-158 24.8432 3.5893 5.4435 2.8766 19.5946 6.1446 27.4427 44.3715 -102.2843 0.0000
-157 21.7622 3.6768 5.4435 2.8766 19.6983 6.1446 27.4291 44.3715 -102.2869 0.0000
-156 22.9121 3.7672 5.4435 2.8766 19.8065 6.1446 27.4147 44.3715 -102.2903 0.0000
-155 27.6773 3.8606 5.4435 2.8766 19.9191 6.1446 27.3998 44.3715 -102.2945 0.0000
-154 28.3628 3.9570 5.4435 2.8766 20.0361 6.1446 27.3841 44.3715 -102.2995 0.0000
-153 27.2468 4.0563 5.4435 2.8766 20.1575 6.1446 27.3678 44.3715 -102.3053 0.0000
-152 25.1843 4.1585 5.4435 2.8766 20.2831 6.1446 27.3509 44.3715 -102.3116 0.0000
-151 27.1180 4.2638 5.4435 2.8766 20.4129 6.1446 27.3333 44.3715 -102.3186 0.0000
-150 22.2319 4.3720 5.4435 2.8766 20.5467 6.1446 27.3150 44.3715 -102.3260 0.0000
-149 29.3588 4.4831 5.4435 2.8766 20.6847 6.1446 27.2961 44.3715 -102.3339 0.0000
-148 23.4452 4.5973 5.4435 2.8766 20.8265 6.1446 27.2765 44.3715 -102.3420 0.0000
-147 20.7651 4.7145 5.4435 2.8766 20.9723 6.1446 27.2563 44.3715 -102.3503 0.0000
-146 31.3839 4.8347 5.4435 2.8766 21.1217 6.1446 27.2354 44.3715 -102.3586 0.0000
-145 26.0542 4.9581 5.4435 2.8766 21.2749 6.1446 27.2138 44.3715 -102.3668 0.0000
-144 24.4761 5.0846 5.4435 2.8766 21.4315 6.1446 27.1915 44.3715 -102.3747 0.0000
-143 29.4610 5.2143 5.4435 2.8766 21.5916 6.1446 27.1686 44.3715 -102.3822 0.0000
-142 25.3159 5.3473 5.4435 2.8766 21.7551 6.1446 27.1450 44.3715 -102.3890 0.0000
-141 28.6663 5.4837 5.4435 2.8766 21.9217 6.1446 27.1208 44.3715 -102.3950 0.0000
-140 29.9549 5.6235 5.4435 2.8766 22.0914 6.1446 27.0959 44.3715 -102.3999 0.0000
-139 24.7839 5.7668 5.4435 2.8766 22.2640 6.1446 27.0703 44.3715 -102.4036 0.0000
-138 32.7926 5.9138 5.4435 2.8766 22.4393 6.1446 27.0440 44.3715 -102.4057 0.0000
-137 35.4031 6.0646 5.4435 2.8766 22.6173 6.1446 27.0170 44.3715 -102.4060 0.0000
-136 29.8605 6.2192 5.4435 2.8766 22.7978 6.1446 26.9894 44.3715 -102.4043 0.0000
-135 28.4515 6.3777 5.4435 2.8766 22.9806 6.1446 26.9611 44.3715 -102.4002 0.0000
-134 30.8921 6.5404 5.4435 2.8766 23.1656 6.1446 26.9321 44.3715 -102.3935 0.0000
-133 25.8583 6.7073 5.4435 2.8766 23.3525 6.1446 26.9025 44.3715 -102.3839 0.0000
-132 29.9964 6.8786 5.4435 2.8766 23.5413 6.1446 26.8721 44.3715 -102.3711 0.0000
-131 30.3393 7.0543 5.4435 2.8766 23.7317 6.1446 26.8411 44.3715 -102.3547 0.0000
-130 32.9175 7.2347 5.4435 2.8766 23.9235 6.1446 26.8094 44.3715 -102.3345 0.0000
-129 25.0596 7.4198 5.4435 2.8766 24.1166 6.1446 26.7770 44.3715 -102.3101 0.0000
-128 28.7577 7.6098 5.4435 2.8766 24.3107 6.1446 26.7440 44.3715 -102.2812 0.0000
-127 29.4129 7.8047 5.4435 2.8766 24.5057 6.1446 26.7103 44.3715 -102.2475 0.0000
-126 26.7800 8.0047 5.4435 2.8766 24.7014 6.1446 26.6759 44.3715 -102.2087 0.0000
-125 33.5317 8.2099 5.4435 2.8766 24.8974 6.1446 26.6408 44.3715 -102.1645 0.0000
-124 34.2107 8.4204 5.4435 2.8766 25.0937 6.1446 26.6051 44.3715 -102.1147 0.0000
-123 36.2972 8.6361 5.4435 2.8766 25.2901 6.1446 26.5686 44.3715 -102.0589 0.0000
-122 29.5448 8.8571 5.4435 2.8766 25.4862 6.1446 26.5315 44.3715 -101.9968 0.0000
-121 31.4757 9.0835 5.4435 2.8766 25.6819 6.1446 26.4938 44.3715 -101.9284 0.0000
-120 36.2980 9.3152 5.4435 2.8766 25.8769 6.1446 26.4554 44.3715 -101.8533 0.0000
-119 39.2093 9.5522 5.4435 2.8766 26.0711 6.1446 26.4163 44.3715 -101.7714 0.0000
-118 35.3318 9.7944 5.4435 2.8766 26.2642 6.1446 26.3765 44.3715 -101.6825 0.0000
-117 41.1025 10.0416 5.4435 2.8766 26.4559 6.1446 26.3361 44.3715 -101.5866 0.0000
-116 34.5106 10.2938 5.4435 2.8766 26.6461 6.1446 26.2951 44.3715 -101.4836 0.0000
-115 31.9786 10.5506 5.4435 2.8766 26.8344 6.1446 26.2533 44.3715 -101.3734 0.0000
-114 29.2393 10.8120 5.4435 2.8766 27.0208 6.1446 26.2110 44.3715 -101.2560 0.0000
-113 33.9977 11.0775 5.4435 2.8766 27.2049 6.1446 26.1680 44.3715 -101.1316 0.0000
-112 39.0886 11.3469 5.4435 2.8766 27.3865 6.1446 26.1243 44.3715 -101.0001 0.0000
-111 33.2441 11.6198 5.4435 2.8766 27.5654 6.1446 26.0800 44.3715 -100.8619 0.0000
-110 32.1238 11.8957 5.4435 2.8766 27.7413 6.1446 26.0351 44.3715 -100.7170 0.0000
-109 36.6248 12.1742 5.4435 2.8766 27.9141 6.1446 25.9895 44.3715 -100.5657 0.0000
-108 31.2214 12.4548 5.4435 2.8766 28.0836 6.1446 25.9434 44.3715 -100.4084 0.0000
-107 32.7436 12.7369 5.4435 2.8766 28.2494 6.1446 25.8966 44.3715 -100.2453 0.0000
-106 37.1423 13.0198 5.4435 2.8766 28.4113 6.1446 25.8492 44.3715 -100.0769 0.0000
-105 35.6680 13.3030 5.4435 2.8766 28.5693 6.1446 25.8012 44.3715 -99.9036 0.0000
-104 37.3450 13.5858 5.4435 2.8766 28.7230 6.1446 25.7525 44.3715 -99.7260 0.0000
-103 37.2159 13.8674 5.4435 2.8766 28.8723 6.1446 25.7033 44.3715 -99.5445 0.0000
-102 34.7688 14.1470 5.4435 2.8766 29.0169 6.1446 25.6536 44.3715 -99.3596 0.0000
-101 31.8218 14.4240 5.4435 2.8766 29.1567 6.1446 25.6032 44.3715 -99.1721 0.0000
-100 32.1994 14.6974 5.4435 2.8766 29.2915 6.1446 25.5523 44.3715 -98.9826 0.0000
-99 40.9373 14.9664 5.4435 2.8766 29.4210 6.1446 25.5008 44.3715 -98.7916 0.0000
-98 47.0433 15.2303 5.4435 2.8766 29.5452 6.1446 25.4487 44.3715 -98.5999 0.0000
-97 36.3287 15.4881 5.4435 2.8766 29.6639 6.1446 25.3962 44.3715 -98.4082 0.0000
-96 34.3165 15.7391 5.4435 2.8766 29.7769 6.1446 25.3430 44.3715 -98.2171 0.0000
-95 37.9158 15.9822 5.4435 2.8766 29.8840 6.1446 25.2894 44.3715 -98.0274 0.0000
-94 41.6253 16.2169 5.4435 2.8766 29.9851 6.1446 25.2353 44.3715 -97.8397 0.0000
-93 38.7235 16.4421 5.4435 2.8766 30.0801 6.1446 25.1806 44.3715 -97.6548 0.0000
-92 41.0815 16.6572 5.4435 2.8766 30.1689 6.1446 25.1255 44.3715 -97.4734 0.0000
-91 37.8950 16.8613 5.4435 2.8766 30.2513 6.1446 25.0698 44.3715 -97.2960 0.0000
-90 51.5526 17.0538 5.4435 2.8766 30.3272 6.1446 25.0137 44.3715 -97.1234 0.0000
-89 40.1470 17.2339 5.4435 2.8766 30.3966 6.1446 24.9572 44.3715 -96.9561 0.0000
-88 35.8197 17.4010 5.4435 2.8766 30.4593 6.1446 24.9002 44.3715 -96.7947 0.0000
-87 37.7561 17.5545 5.4435 2.8766 30.5153 6.1446 24.8428 44.3715 -96.6398 0.0000
-86 46.3913 17.6939 5.4435 2.8766 30.5645 6.1446 24.7850 44.3715 -96.4918 0.0000
-85 42.4456 17.8186 5.4435 2.8766 30.6069 6.1446 24.7267 44.3715 -96.3513 0.0000
-84 45.5081 17.9282 5.4435 2.8766 30.6424 6.1446 24.6681 44.3715 -96.2185 0.0000
-83 38.2408 18.0224 5.4435 2.8766 30.6709 6.1446 24.6091 44.3715 -96.0939 0.0000
-82 39.4066 18.1007 5.4435 2.8766 30.6925 6.1446 24.5498 44.3715 -95.9777 0.0000
-81 41.2579 18.1631 5.4435 2.8766 30.7071 6.1446 24.4901 44.3715 -95.8703 0.0000
-80 41.6727 18.2092 5.4435 2.8766 30.7148 6.1446 24.4301 44.3715 -95.7719 0.0000
-79 43.0517 18.2390 5.4435 2.8766 30.7155 6.1446 24.3698 44.3715 -95.6825 0.0000
-78 37.5220 18.2524 5.4435 2.8766 30.7093 6.1446 24.3092 44.3715 -95.6023 0.0000
-77 31.6702 18.2493 5.4435 2.8766 30.6962 6.1446 24.2483 44.3715 -95.5314 0.0000
-76 38.4847 18.2299 5.4435 2.8766 30.6762 6.1446 24.1872 44.3715 -95.4698 0.0000
-75 39.9205 18.1941 5.4435 2.8766 30.6494 6.1446 24.1259 44.3715 -95.4174 0.0000
-74 39.2560 18.1422 5.4435 2.8766 30.6158 6.1446 24.0643 44.3715 -95.3742 0.0000
-73 43.8959 18.0744 5.4435 2.8766 30.5756 6.1446 24.0026 44.3715 -95.3400 0.0000
-72 39.5487 17.9909 5.4435 2.8766 30.5288 6.1446 23.9407 44.3715 -95.3148 0.0000
-71 36.0822 17.8920 5.4435 2.8766 30.4756 6.1446 23.8786 44.3715 -95.2984 0.0000
-70 51.7137 17.7781 5.4435 2.8766 30.4159 6.1446 23.8165 44.3715 -95.2905 0.0000
-69 40.5485 17.6495 5.4435 2.8766 30.3499 6.1446 23.7542 44.3715 -95.2909 0.0000
-68 36.4741 17.5066 5.4435 2.8766 30.2778 6.1446 23.6918 44.3715 -95.2993 0.0000
-67 45.9627 17.3498 5.4435 2.8766 30.1997 6.1446 23.6294 44.3715 -95.3155 0.0000
-66 39.6202 17.1797 5.4435 2.8766 30.1157 6.1446 23.5669 44.3715 -95.3392 0.0000
-65 43.5014 16.9966 5.4435 2.8766 30.0260 6.1446 23.5045 44.3715 -95.3701 0.0000
-64 41.9123 16.8011 5.4435 2.8766 29.9308 6.1446 23.4420 44.3715 -95.4079 0.0000
-63 34.0829 16.5938 5.4435 2.8766 29.8301 6.1446 23.3796 44.3715 -95.4522 0.0000
-62 36.9238 16.3751 5.4435 2.8766 29.7242 6.1446 23.3173 44.3715 -95.5026 0.0000
-61 38.3135 16.1455 5.4435 2.8766 29.6133 6.1446 23.2550 44.3715 -95.5590 0.0000
-60 33.8634 15.9058 5.4435 2.8766 29.4975 6.1446 23.1929 44.3715 -95.6209 0.0000
-59 33.9536 15.6563 5.4435 2.8766 29.3771 6.1446 23.1309 44.3715 -95.6880 0.0000
-58 37.6634 15.3976 5.4435 2.8766 29.2522 6.1446 23.0691 44.3715 -95.7599 0.0000
-57 40.7588 15.1304 5.4435 2.8766 29.1232 6.1446 23.0075 44.3715 -95.8364 0.0000
-56 45.0688 14.8552 5.4435 2.8766 28.9900 6.1446 22.9461 44.3715 -95.9171 0.0000
-55 47.6882 14.5726 5.4435 2.8766 28.8531 6.1446 22.8850 44.3715 -96.0018 0.0000
-54 41.2198 14.2830 5.4435 2.8766 28.7126 6.1446 22.8241 44.3715 -96.0900 0.0000
-53 31.1011 13.9871 5.4435 2.8766 28.5688 6.1446 22.7636 44.3715 -96.1815 0.0000
-52 35.6666 13.6855 5.4435 2.8766 28.4219 6.1446 22.7035 44.3715 -96.2761 0.0000
-51 32.6269 13.3786 5.4435 2.8766 28.2721 6.1446 22.6437 44.3715 -96.3734 0.0000
-50 33.8140 13.0670 5.4435 2.8766 28.1196 6.1446 22.5843 44.3715 -96.4732 0.0000
-49 33.0129 12.7512 5.4435 2.8766 27.9648 6.1446 22.5254 44.3715 -96.5752 0.0000
-48 33.3076 12.4318 5.4435 2.8766 27.8078 6.1446 22.4669 44.3715 -96.6791 0.0000
-47 29.4769 12.1093 5.4435 2.8766 27.6490 6.1446 22.4090 44.3715 -96.7849 0.0000
-46 33.8270 11.7841 5.4435 2.8766 27.4885 6.1446 22.3515 44.3715 -96.8921 0.0000
-45 38.4286 11.4568 5.4435 2.8766 27.3266 6.1446 22.2947 44.3715 -97.0007 0.0000
-44 37.4457 11.1279 5.4435 2.8766 27.1636 6.1446 22.2384 44.3715 -97.1104 0.0000
-43 29.1170 10.7977 5.4435 2.8766 26.9997 6.1446 22.1828 44.3715 -97.2210 0.0000
-42 31.2945 10.4669 5.4435 2.8766 26.8352 6.1446 22.1278 44.3715 -97.3323 0.0000
-41 37.3250 10.1357 5.4435 2.8766 26.6703 6.1446 22.0735 44.3715 -97.4443 0.0000
-40 32.8899 9.8048 5.4435 2.8766 26.5052 6.1446 22.0200 44.3715 -97.5567 0.0000
-39 30.3056 9.4744 5.4435 2.8766 26.3403 6.1446 21.9672 44.3715 -97.6693 0.0000
-38 36.0192 9.1450 5.4435 2.8766 26.1758 6.1446 21.9152 44.3715 -97.7821 0.0000
-37 32.0868 8.8171 5.4435 2.8766 26.0118 6.1446 21.8640 44.3715 -97.8949 0.0000
-36 26.2978 8.4910 5.4435 2.8766 25.8488 6.1446 21.8136 44.3715 -98.0076 0.0000
-35 28.6054 8.1671 5.4435 2.8766 25.6868 6.1446 21.7642 44.3715 -98.1202 0.0000
-34 32.9656 7.8458 5.4435 2.8766 25.5262 6.1446 21.7157 44.3715 -98.2323 0.0000
-33 33.2519 7.5274 5.4435 2.8766 25.3672 6.1446 21.6681 44.3715 -98.3441 0.0000
-32 27.9345 7.2123 5.4435 2.8766 25.2100 6.1446 21.6215 44.3715 -98.4554 0.0000
-31 32.1145 6.9009 5.4435 2.8766 25.0548 6.1446 21.5759 44.3715 -98.5661 0.0000
-30 29.0379 6.5934 5.4435 2.8766 24.9019 6.1446 21.5314 44.3715 -98.6761 0.0000
-29 22.4705 6.2902 5.4435 2.8766 24.7515 6.1446 21.4879 44.3715 -98.7855 0.0000
-28 31.9093 5.9916 5.4435 2.8766 24.6038 6.1446 21.4455 44.3715 -98.8940 0.0000
-27 32.8840 5.6979 5.4435 2.8766 24.4590 6.1446 21.4043 44.3715 -99.0017 0.0000
-26 30.1370 5.4094 5.4435 2.8766 24.3174 6.1446 21.3642 44.3715 -99.1084 0.0000
-25 25.5587 5.1263 5.4435 2.8766 24.1790 6.1446 21.3253 44.3715 -99.2143 0.0000
-24 34.4196 4.8490 5.4435 2.8766 24.0442 6.1446 21.2876 44.3715 -99.3191 0.0000
-23 28.5881 4.5776 5.4435 2.8766 23.9131 6.1446 21.2512 44.3715 -99.4230 0.0000
-22 30.2416 4.3124 5.4435 2.8766 23.7859 6.1446 21.2160 44.3715 -99.5257 0.0000
-21 27.1224 4.0537 5.4435 2.8766 23.6627 6.1446 21.1822 44.3715 -99.6274 0.0000
-20 21.7572 3.8017 5.4435 2.8766 23.5438 6.1446 21.1496 44.3715 -99.7279 0.0000
-19 23.0401 3.5566 5.4435 2.8766 23.4293 6.1446 21.1184 44.3715 -99.8273 0.0000
-18 32.7960 3.3186 5.4435 2.8766 23.3194 6.1446 21.0886 44.3715 -99.9255 0.0000
-17 33.3446 3.0879 5.4435 2.8766 23.2141 6.1446 21.0601 44.3715 -100.0226 0.0000
-16 24.7584 2.8646 5.4435 2.8766 23.1137 6.1446 21.0331 44.3715 -100.1184 0.0000
-15 27.7235 2.6490 5.4435 2.8766 23.0183 6.1446 21.0074 44.3715 -100.2130 0.0000
-14 26.3348 2.4412 5.4435 2.8766 22.9281 6.1446 20.9833 44.3715 -100.3064 0.0000
-13 20.6479 2.2413 5.4435 2.8766 22.8430 6.1446 20.9606 44.3715 -100.3985 0.0000
-12 19.8229 2.0496 5.4435 2.8766 22.7634 6.1446 20.9394 44.3715 -100.4894 0.0000
-11 28.4508 1.8660 5.4435 2.8766 22.6892 6.1446 20.9197 44.3715 -100.5791 0.0000
-10 21.1122 1.6908 5.4435 2.8766 22.6205 6.1446 20.9015 44.3715 -100.6674 0.0000
-9 27.5118 1.5241 5.4435 2.8766 22.5576 6.1446 20.8848 44.3715 -100.7546 0.0000
-8 24.1017 1.3659 5.4435 2.8766 22.5003 6.1446 20.8697 44.3715 -100.8404 0.0000
-7 24.1596 1.2163 5.4435 2.8766 22.4489 6.1446 20.8562 44.3715 -100.9250 0.0000
-6 22.8532 1.0755 5.4435 2.8766 22.4034 6.1446 20.8442 44.3715 -101.0083 0.0000
-5 24.0831 0.9434 5.4435 2.8766 22.3638 6.1446 20.8338 44.3715 -101.0904 0.0000
-4 18.8480 0.8203 5.4435 2.8766 22.3302 6.1446 20.8250 44.3715 -101.1712 0.0000
-3 29.1412 0.7059 5.4435 2.8766 22.3027 6.1446 20.8178 44.3715 -101.2507 0.0000
-2 24.9725 0.6006 5.4435 2.8766 22.2812 6.1446 20.8121 44.3715 -101.3290 0.0000
-1 24.2606 0.5042 5.4435 2.8766 22.2659 6.1446 20.8081 44.3715 -101.4061 0.0000
0 28.8658 0.4167 5.4435 2.8766 22.2567 6.1446 20.8057 44.3715 -101.4819 0.0000
1 24.3388 0.3383 5.4435 2.8766 22.2536 6.1446 20.8049 44.3715 -101.5565 0.0000
2 17.3048 0.2688 5.4435 2.8766 22.2567 6.1446 20.8057 44.3715 -101.6298 0.0000
3 21.4250 0.2083 5.4435 2.8766 22.2659 6.1446 20.8081 44.3715 -101.7019 0.0000
4 20.7552 0.1568 5.4435 2.8766 22.2812 6.1446 20.8121 44.3715 -101.7728 0.0000
5 16.7821 0.1141 5.4435 2.8766 22.3027 6.1446 20.8178 44.3715 -101.8426 0.0000
6 24.6575 0.0804 5.4435 2.8766 22.3302 6.1446 20.8250 44.3715 -101.9111 0.0000
7 22.1192 0.0554 5.4435 2.8766 22.3638 6.1446 20.8338 44.3715 -101.9784 0.0000
8 13.8541 0.0393 5.4435 2.8766 22.4034 6.1446 20.8442 44.3715 -102.0445 0.0000
9 23.1767 0.0318 5.4435 2.8766 22.4489 6.1446 20.8562 44.3715 -102.1095 0.0000
10 15.3450 0.0330 5.4435 2.8766 22.5003 6.1446 20.8697 44.3715 -102.1733 0.0000
11 28.8786 0.0426 5.4435 2.8766 22.5576 6.1446 20.8848 44.3715 -102.2360 0.0000
12 26.2164 0.0607 5.4435 2.8766 22.6205 6.1446 20.9015 44.3715 -102.2975 0.0000
13 23.6670 0.0872 5.4435 2.8766 22.6892 6.1446 20.9197 44.3715 -102.3579 0.0000
14 19.8589 0.1218 5.4435 2.8766 22.7634 6.1446 20.9394 44.3715 -102.4172 0.0000
15 21.0089 0.1645 5.4435 2.8766 22.8430 6.1446 20.9606 44.3715 -102.4754 0.0000
16 19.1114 0.2152 5.4435 2.8766 22.9281 6.1446 20.9833 44.3715 -102.5324 0.0000
17 19.3348 0.2736 5.4435 2.8766 23.0183 6.1446 21.0074 44.3715 -102.5884 0.0000
18 21.0204 0.3397 5.4435 2.8766 23.1137 6.1446 21.0331 44.3715 -102.6433 0.0000
19 20.1096 0.4133 5.4435 2.8766 23.2141 6.1446 21.0601 44.3715 -102.6971 0.0000
20 21.7710 0.4943 5.4435 2.8766 23.3194 6.1446 21.0886 44.3715 -102.7498 0.0000
21 19.8028 0.5824 5.4435 2.8766 23.4293 6.1446 21.1184 44.3715 -102.8016 0.0000
22 26.7222 0.6774 5.4435 2.8766 23.5438 6.1446 21.1496 44.3715 -102.8522 0.0000
23 27.7704 0.7793 5.4435 2.8766 23.6627 6.1446 21.1822 44.3715 -102.9018 0.0000
24 18.3520 0.8877 5.4435 2.8766 23.7859 6.1446 21.2160 44.3715 -102.9504 0.0000
25 29.4697 1.0025 5.4435 2.8766 23.9131 6.1446 21.2512 44.3715 -102.9980 0.0000
26 25.7125 1.1235 5.4435 2.8766 24.0442 6.1446 21.2876 44.3715 -103.0446 0.0000
27 26.8107 1.2504 5.4435 2.8766 24.1790 6.1446 21.3253 44.3715 -103.0902 0.0000
28 24.4606 1.3830 5.4435 2.8766 24.3174 6.1446 21.3642 44.3715 -103.1348 0.0000
29 27.8340 1.5211 5.4435 2.8766 24.4590 6.1446 21.4043 44.3715 -103.1784 0.0000
30 25.3315 1.6645 5.4435 2.8766 24.6038 6.1446 21.4455 44.3715 -103.2211 0.0000
31 24.1348 1.8129 5.4435 2.8766 24.7515 6.1446 21.4879 44.3715 -103.2628 0.0000
32 18.3580 1.9660 5.4435 2.8766 24.9019 6.1446 21.5314 44.3715 -103.3035 0.0000
33 15.4163 2.1236 5.4435 2.8766 25.0548 6.1446 21.5759 44.3715 -103.3433 0.0000
34 23.3975 2.2855 5.4435 2.8766 25.2100 6.1446 21.6215 44.3715 -103.3822 0.0000
35 25.4047 2.4514 5.4435 2.8766 25.3672 6.1446 21.6681 44.3715 -103.4202 0.0000
36 21.0212 2.6209 5.4435 2.8766 25.5262 6.1446 21.7157 44.3715 -103.4572 0.0000
37 20.5600 2.7939 5.4435 2.8766 25.6868 6.1446 21.7642 44.3715 -103.4933 0.0000
38 29.8078 2.9701 5.4435 2.8766 25.8488 6.1446 21.8136 44.3715 -103.5285 0.0000
39 32.0779 3.1492 5.4435 2.8766 26.0118 6.1446 21.8640 44.3715 -103.5629 0.0000
40 20.0118 3.3308 5.4435 2.8766 26.1758 6.1446 21.9152 44.3715 -103.5963 0.0000
41 25.6116 3.5148 5.4435 2.8766 26.3403 6.1446 21.9672 44.3715 -103.6289 0.0000
42 27.9001 3.7008 5.4435 2.8766 26.5052 6.1446 22.0200 44.3715 -103.6606 0.0000
43 27.7096 3.8886 5.4435 2.8766 26.6703 6.1446 22.0735 44.3715 -103.6914 0.0000
44 28.0765 4.0778 5.4435 2.8766 26.8352 6.1446 22.1278 44.3715 -103.7214 0.0000
45 23.2846 4.2682 5.4435 2.8766 26.9997 6.1446 22.1828 44.3715 -103.7505 0.0000
46 23.2652 4.4595 5.4435 2.8766 27.1636 6.1446 22.2384 44.3715 -103.7788 0.0000
47 24.7271 4.6513 5.4435 2.8766 27.3266 6.1446 22.2947 44.3715 -103.8062 0.0000
48 28.4181 4.8434 5.4435 2.8766 27.4885 6.1446 22.3515 44.3715 -103.8328 0.0000
49 22.3285 5.0355 5.4435 2.8766 27.6490 6.1446 22.4090 44.3715 -103.8586 0.0000
50 28.9912 5.2274 5.4435 2.8766 27.8078 6.1446 22.4669 44.3715 -103.8836 0.0000
51 32.5161 5.4186 5.4435 2.8766 27.9648 6.1446 22.5254 44.3715 -103.9078 0.0000
52 23.7473 5.6090 5.4435 2.8766 28.1196 6.1446 22.5843 44.3715 -103.9311 0.0000
53 21.7090 5.7983 5.4435 2.8766 28.2721 6.1446 22.6437 44.3715 -103.9537 0.0000
54 27.5922 5.9861 5.4435 2.8766 28.4219 6.1446 22.7035 44.3715 -103.9754 0.0000
55 27.8209 6.1722 5.4435 2.8766 28.5688 6.1446 22.7636 44.3715 -103.9964 0.0000
56 28.2537 6.3564 5.4435 2.8766 28.7126 6.1446 22.8241 44.3715 -104.0166 0.0000
57 23.6822 6.5383 5.4435 2.8766 28.8531 6.1446 22.8850 44.3715 -104.0360 0.0000
58 29.8416 6.7177 5.4435 2.8766 28.9900 6.1446 22.9461 44.3715 -104.0547 0.0000
59 29.4885 6.8943 5.4435 2.8766 29.1231 6.1446 23.0075 44.3715 -104.0726 0.0000
60 32.0744 7.0679 5.4435 2.8766 29.2522 6.1446 23.0691 44.3715 -104.0897 0.0000
61 22.7275 7.2382 5.4435 2.8766 29.3771 6.1446 23.1309 44.3715 -104.1060 0.0000
62 33.3703 7.4050 5.4435 2.8766 29.4975 6.1446 23.1929 44.3715 -104.1216 0.0000
63 43.4650 7.5680 5.4435 2.8766 29.6133 6.1446 23.2550 44.3715 -104.1365 0.0000
64 30.2226 7.7271 5.4435 2.8766 29.7242 6.1446 23.3173 44.3715 -104.1506 0.0000
65 30.1757 7.8819 5.4435 2.8766 29.8301 6.1446 23.3796 44.3715 -104.1640 0.0000
66 29.1940 8.0324 5.4435 2.8766 29.9308 6.1446 23.4420 44.3715 -104.1767 0.0000
67 28.1839 8.1782 5.4435 2.8766 30.0260 6.1446 23.5045 44.3715 -104.1886 0.0000
68 28.4427 8.3191 5.4435 2.8766 30.1157 6.1446 23.5669 44.3715 -104.1998 0.0000
69 32.1526 8.4551 5.4435 2.8766 30.1997 6.1446 23.6294 44.3715 -104.2102 0.0000
70 30.5633 8.5859 5.4435 2.8766 30.2778 6.1446 23.6918 44.3715 -104.2200 0.0000
71 27.4442 8.7113 5.4435 2.8766 30.3499 6.1446 23.7542 44.3715 -104.2290 0.0000
72 29.4901 8.8312 5.4435 2.8766 30.4159 6.1446 23.8165 44.3715 -104.2374 0.0000
73 30.7893 8.9454 5.4435 2.8766 30.4756 6.1446 23.8786 44.3715 -104.2450 0.0000
74 30.8028 9.0538 5.4435 2.8766 30.5288 6.1446 23.9407 44.3715 -104.2520 0.0000
75 31.3124 9.1563 5.4435 2.8766 30.5756 6.1446 24.0026 44.3715 -104.2582 0.0000
76 34.8305 9.2527 5.4435 2.8766 30.6158 6.1446 24.0643 44.3715 -104.2637 0.0000
77 35.0975 9.3429 5.4435 2.8766 30.6494 6.1446 24.1259 44.3715 -104.2686 0.0000
78 28.5212 9.4268 5.4435 2.8766 30.6762 6.1446 24.1872 44.3715 -104.2728 0.0000
79 30.5752 9.5044 5.4435 2.8766 30.6961 6.1446 24.2483 44.3715 -104.2763 0.0000
80 36.0226 9.5756 5.4435 2.8766 30.7093 6.1446 24.3092 44.3715 -104.2791 0.0000
81 37.9426 9.6403 5.4435 2.8766 30.7155 6.1446 24.3698 44.3715 -104.2812 0.0000
82 27.8047 9.6984 5.4435 2.8766 30.7148 6.1446 24.4301 44.3715 -104.2827 0.0000
83 27.7741 9.7499 5.4435 2.8766 30.7071 6.1446 24.4901 44.3715 -104.2835 0.0000
84 34.2996 9.7948 5.4435 2.8766 30.6925 6.1446 24.5498 44.3715 -104.2837 0.0000
85 33.9156 9.8330 5.4435 2.8766 30.6709 6.1446 24.6091 44.3715 -104.2832 0.0000
86 33.9187 9.8646 5.4435 2.8766 30.6424 6.1446 24.6681 44.3715 -104.2821 0.0000
87 36.6331 9.8896 5.4435 2.8766 30.6069 6.1446 24.7267 44.3715 -104.2803 0.0000
88 28.6667 9.9079 5.4435 2.8766 30.5645 6.1446 24.7850 44.3715 -104.2778 0.0000
89 34.0601 9.9196 5.4435 2.8766 30.5153 6.1446 24.8428 44.3715 -104.2747 0.0000
90 33.5602 9.9247 5.4435 2.8766 30.4593 6.1446 24.9002 44.3715 -104.2710 0.0000
91 26.3530 9.9234 5.4435 2.8766 30.3966 6.1446 24.9572 44.3715 -104.2667 0.0000
92 30.3101 9.9155 5.4435 2.8766 30.3272 6.1446 25.0137 44.3715 -104.2617 0.0000
93 35.5131 9.9013 5.4435 2.8766 30.2513 6.1446 25.0698 44.3715 -104.2561 0.0000
94 38.3150 9.8807 5.4435 2.8766 30.1689 6.1446 25.1255 44.3715 -104.2499 0.0000
95 32.9262 9.8539 5.4435 2.8766 30.0801 6.1446 25.1806 44.3715 -104.2430 0.0000
96 29.5197 9.8210 5.4435 2.8766 29.9851 6.1446 25.2353 44.3715 -104.2356 0.0000
97 37.8464 9.7821 5.4435 2.8766 29.8840 6.1446 25.2894 44.3715 -104.2276 0.0000
98 27.4344 9.7372 5.4435 2.8766 29.7769 6.1446 25.3430 44.3715 -104.2189 0.0000
99 30.7070 9.6866 5.4435 2.8766 29.6639 6.1446 25.3962 44.3715 -104.2097 0.0000
100 31.0971 9.6303 5.4435 2.8766 29.5452 6.1446 25.4487 44.3715 -104.1999 0.0000
101 29.5747 9.5686 5.4435 2.8766 29.4210 6.1446 25.5008 44.3715 -104.1895 0.0000
102 34.7817 9.5015 5.4435 2.8766 29.2915 6.1446 25.5523 44.3715 -104.1785 0.0000
103 35.1855 9.4292 5.4435 2.8766 29.1567 6.1446 25.6032 44.3715 -104.1669 0.0000
104 32.2704 9.3519 5.4435 2.8766 29.0169 6.1446 25.6536 44.3715 -104.1548 0.0000
105 25.5657 9.2697 5.4435 2.8766 28.8723 6.1446 25.7033 44.3715 -104.1422 0.0000
106 30.7219 9.1828 5.4435 2.8766 28.7230 6.1446 25.7525 44.3715 -104.1289 0.0000
107 28.8445 9.0915 5.4435 2.8766 28.5693 6.1446 25.8012 44.3715 -104.1152 0.0000
108 31.5922 8.9959 5.4435 2.8766 28.4113 6.1446 25.8492 44.3715 -104.1009 0.0000
109 39.6925 8.8961 5.4435 2.8766 28.2494 6.1446 25.8966 44.3715 -104.0860 0.0000
110 36.6849 8.7924 5.4435 2.8766 28.0836 6.1446 25.9434 44.3715 -104.0707 0.0000
111 38.9905 8.6851 5.4435 2.8766 27.9141 6.1446 25.9895 44.3715 -104.0548 0.0000
112 31.6467 8.5742 5.4435 2.8766 27.7414 6.1446 26.0351 44.3715 -104.0384 0.0000
113 34.6678 8.4601 5.4435 2.8766 27.5654 6.1446 26.0800 44.3715 -104.0216 0.0000
114 26.7713 8.3428 5.4435 2.8766 27.3865 6.1446 26.1243 44.3715 -104.0042 0.0000
115 32.7738 8.2227 5.4435 2.8766 27.2049 6.1446 26.1680 44.3715 -103.9864 0.0000
116 27.9214 8.0999 5.4435 2.8766 27.0208 6.1446 26.2110 44.3715 -103.9680 0.0000
117 29.9338 7.9747 5.4435 2.8766 26.8344 6.1446 26.2533 44.3715 -103.9493 0.0000
118 34.0226 7.8473 5.4435 2.8766 26.6461 6.1446 26.2951 44.3715 -103.9300 0.0000
119 31.5203 7.7179 5.4435 2.8766 26.4559 6.1446 26.3361 44.3715 -103.9104 0.0000
120 32.7274 7.5867 5.4435 2.8766 26.2642 6.1446 26.3765 44.3715 -103.8902 0.0000
121 29.3099 7.4539 5.4435 2.8766 26.0711 6.1446 26.4163 44.3715 -103.8697 0.0000
122 32.6804 7.3197 5.4435 2.8766 25.8769 6.1446 26.4554 44.3715 -103.8488 0.0000
123 23.4942 7.1845 5.4435 2.8766 25.6819 6.1446 26.4938 44.3715 -103.8274 0.0000
124 28.1274 7.0482 5.4435 2.8766 25.4862 6.1446 26.5315 44.3715 -103.8057 0.0000
125 23.8041 6.9113 5.4435 2.8766 25.2901 6.1446 26.5686 44.3715 -103.7836 0.0000
126 28.5204 6.7739 5.4435 2.8766 25.0937 6.1446 26.6051 44.3715 -103.7612 0.0000
127 24.3377 6.6361 5.4435 2.8766 24.8974 6.1446 26.6408 44.3715 -103.7383 0.0000
128 29.8396 6.4983 5.4435 2.8766 24.7014 6.1446 26.6759 44.3715 -103.7152 0.0000
129 29.0571 6.3605 5.4435 2.8766 24.5057 6.1446 26.7103 44.3715 -103.6917 0.0000
130 35.2049 6.2230 5.4435 2.8766 24.3107 6.1446 26.7440 44.3715 -103.6679 0.0000
131 27.6231 6.0860 5.4435 2.8766 24.1166 6.1446 26.7770 44.3715 -103.6439 0.0000
132 32.9639 5.9497 5.4435 2.8766 23.9235 6.1446 26.8094 44.3715 -103.6195 0.0000
133 24.2866 5.8142 5.4435 2.8766 23.7317 6.1446 26.8411 44.3715 -103.5949 0.0000
134 33.9198 5.6797 5.4435 2.8766 23.5413 6.1446 26.8721 44.3715 -103.5700 0.0000
135 33.2476 5.5464 5.4435 2.8766 23.3526 6.1446 26.9025 44.3715 -103.5449 0.0000
136 31.1539 5.4144 5.4435 2.8766 23.1656 6.1446 26.9321 44.3715 -103.5195 0.0000
137 25.8199 5.2840 5.4435 2.8766 22.9806 6.1446 26.9611 44.3715 -103.4940 0.0000
138 27.6139 5.1552 5.4435 2.8766 22.7978 6.1446 26.9894 44.3715 -103.4683 0.0000
139 23.4038 5.0282 5.4435 2.8766 22.6173 6.1446 27.0170 44.3715 -103.4424 0.0000
140 26.8443 4.9032 5.4435 2.8766 22.4393 6.1446 27.0440 44.3715 -103.4163 0.0000
141 27.9079 4.7803 5.4435 2.8766 22.2640 6.1446 27.0703 44.3715 -103.3901 0.0000
142 23.1529 4.6596 5.4435 2.8766 22.0914 6.1446 27.0959 44.3715 -103.3638 0.0000
143 22.3847 4.5413 5.4435 2.8766 21.9217 6.1446 27.1208 44.3715 -103.3374 0.0000
144 23.0136 4.4255 5.4435 2.8766 21.7551 6.1446 27.1450 44.3715 -103.3109 0.0000
145 26.2875 4.3122 5.4435 2.8766 21.5916 6.1446 27.1686 44.3715 -103.2843 0.0000
146 21.3639 4.2016 5.4435 2.8766 21.4315 6.1446 27.1915 44.3715 -103.2577 0.0000
147 25.2376 4.0939 5.4435 2.8766 21.2749 6.1446 27.2138 44.3715 -103.2310 0.0000
148 28.3684 3.9890 5.4435 2.8766 21.1217 6.1446 27.2354 44.3715 -103.2043 0.0000
149 31.5835 3.8871 5.4435 2.8766 20.9723 6.1446 27.2563 44.3715 -103.1776 0.0000
150 31.7232 3.7883 5.4435 2.8766 20.8265 6.1446 27.2765 44.3715 -103.1510 0.0000
151 24.4135 3.6926 5.4435 2.8766 20.6847 6.1446 27.2961 44.3715 -103.1244 0.0000
152 22.9502 3.6002 5.4435 2.8766 20.5467 6.1446 27.3150 44.3715 -103.0978 0.0000
153 33.8206 3.5110 5.4435 2.8766 20.4129 6.1446 27.3333 44.3715 -103.0713 0.0000
154 30.1358 3.4252 5.4435 2.8766 20.2831 6.1446 27.3509 44.3715 -103.0449 0.0000
155 23.1479 3.3429 5.4435 2.8766 20.1575 6.1446 27.3678 44.3715 -103.0187 0.0000
156 23.4475 3.2640 5.4435 2.8766 20.0361 6.1446 27.3841 44.3715 -102.9925 0.0000
157 26.9249 3.1886 5.4435 2.8766 19.9191 6.1446 27.3998 44.3715 -102.9666 0.0000
158 19.4576 3.1167 5.4435 2.8766 19.8065 6.1446 27.4147 44.3715 -102.9407 0.0000
159 30.9045 3.0485 5.4435 2.8766 19.6983 6.1446 27.4291 44.3715 -102.9151 0.0000
160 27.1562 2.9839 5.4435 2.8766 19.5946 6.1446 27.4427 44.3715 -102.8897 0.0000
161 26.8391 2.9230 5.4435 2.8766 19.4955 6.1446 27.4558 44.3715 -102.8645 0.0000
162 25.9822 2.8658 5.4435 2.8766 19.4010 6.1446 27.4682 44.3715 -102.8396 0.0000
163 31.3460 2.8123 5.4435 2.8766 19.3110 6.1446 27.4799 44.3715 -102.8149 0.0000
164 22.1158 2.7625 5.4435 2.8766 19.2258 6.1446 27.4910 44.3715 -102.7905 0.0000
165 20.9459 2.7165 5.4435 2.8766 19.1453 6.1446 27.5015 44.3715 -102.7664 0.0000
166 30.8750 2.6743 5.4435 2.8766 19.0695 6.1446 27.5113 44.3715 -102.7427 0.0000
167 29.0221 2.6359 5.4435 2.8766 18.9985 6.1446 27.5204 44.3715 -102.7193 0.0000
168 33.2493 2.6012 5.4435 2.8766 18.9322 6.1446 27.5290 44.3715 -102.6962 0.0000
169 23.7636 2.5704 5.4435 2.8766 18.8708 6.1446 27.5369 44.3715 -102.6736 0.0000
170 32.6796 2.5433 5.4435 2.8766 18.8143 6.1446 27.5441 44.3715 -102.6513 0.0000
171 22.0122 2.5201 5.4435 2.8766 18.7626 6.1446 27.5508 44.3715 -102.6295 0.0000
172 24.9227 2.5006 5.4435 2.8766 18.7157 6.1446 27.5568 44.3715 -102.6081 0.0000
173 26.4453 2.4849 5.4435 2.8766 18.6738 6.1446 27.5621 44.3715 -102.5872 0.0000
174 17.9644 2.4730 5.4435 2.8766 18.6368 6.1446 27.5669 44.3715 -102.5668 0.0000
175 19.1176 2.4649 5.4435 2.8766 18.6046 6.1446 27.5709 44.3715 -102.5469 0.0000
176 30.1130 2.4605 5.4435 2.8766 18.5775 6.1446 27.5744 44.3715 -102.5276 0.0000
177 26.8246 2.4599 5.4435 2.8766 18.5552 6.1446 27.5772 44.3715 -102.5088 0.0000
178 25.4216 2.4630 5.4435 2.8766 18.5379 6.1446 27.5794 44.3715 -102.4905 0.0000
179 23.2155 2.4698 5.4435 2.8766 18.5255 6.1446 27.5810 44.3715 -102.4729 0.0000
180 29.1416 2.4803 5.4435 2.8766 18.5181 6.1446 27.5820 44.3715 -102.4559 0.0000
