-180 0.0
-179 0.0
-178 0.0178
-177 0.0393
-176 0.0643
-175 0.0929
-174 0.125
-173 0.1607
-172 0.1998
-171 0.2424
-170 0.2884
-169 0.3378
-168 0.3906
-167 0.4466
-166 0.5059
-165 0.5685
-164 0.6343
-163 0.7033
-162 0.7754
-161 0.8507
-160 0.929
-159 1.0104
-158 1.0948
-157 1.1823
-156 1.2727
-155 1.3661
-154 1.4625
-153 1.5618
-152 1.664
-151 1.7693
-150 1.8775
-149 1.9886
-148 2.1028
-147 2.22
-146 2.3402
-145 2.4636
-144 2.5901
-143 2.7198
-142 2.8528
-141 2.9892
-140 3.129
-139 3.2723
-138 3.4193
-137 3.5701
-136 3.7247
-135 3.8832
-134 4.0459
-133 4.2128
-132 4.3841
-131 4.5598
-130 4.7402
-129 4.9253
-128 5.1153
-127 5.3102
-126 5.5102
-125 5.7154
-124 5.9259
-123 6.1416
-122 6.3626
-121 6.589
-120 6.8207
-119 7.0577
-118 7.2999
-117 7.5471
-116 7.7993
-115 8.0561
-114 8.3175
-113 8.583
-112 8.8524
-111 9.1253
-110 9.4012
-109 9.6797
-108 9.9603
-107 10.2424
-106 10.5253
-105 10.8085
-104 11.0913
-103 11.3729
-102 11.6525
-101 11.9295
-100 12.2029
-99 12.4719
-98 12.7358
-97 12.9936
-96 13.2446
-95 13.4877
-94 13.7224
-93 13.9476
-92 14.1627
-91 14.3668
-90 14.5593
-89 14.7394
-88 14.9065
-87 15.06
-86 15.1994
-85 15.3241
-84 15.4337
-83 15.5279
-82 15.6062
-81 15.6686
-80 15.7147
-79 15.7445
-78 15.7579
-77 15.7548
-76 15.7354
-75 15.6996
-74 15.6477
-73 15.5799
-72 15.4964
-71 15.3975
-70 15.2836
-69 15.155
-68 15.0121
-67 14.8553
-66 14.6852
-65 14.5021
-64 14.3066
-63 14.0993
-62 13.8806
-61 13.651
-60 13.4113
-59 13.1618
-58 12.9031
-57 12.6359
-56 12.3607
-55 12.0781
-54 11.7885
-53 11.4926
-52 11.191
-51 10.8841
-50 10.5725
-49 10.2567
-48 9.9373
-47 9.6148
-46 9.2896
-45 8.9623
-44 8.6334
-43 8.3032
-42 7.9724
-41 7.6412
-40 7.3103
-39 6.9799
-38 6.6505
-37 6.3226
-36 5.9965
-35 5.6726
-34 5.3513
-33 5.0329
-32 4.7178
-31 4.4064
-30 4.0989
-29 3.7957
-28 3.4971
-27 3.2034
-26 2.9149
-25 2.6318
-24 2.3545
-23 2.0831
-22 1.8179
-21 1.5592
-20 1.3072
-19 1.0621
-18 0.8241
-17 0.5934
-16 0.3701
-15 0.1545
-14 -0.0533
-13 -0.2532
-12 -0.4449
-11 -0.6285
-10 -0.8037
-9 -0.9704
-8 -1.1286
-7 -1.2782
-6 -1.419
-5 -1.5511
-4 -1.6742
-3 -1.7886
-2 -1.8939
-1 -1.9903
0 -2.0778
1 -2.1562
2 -2.2257
3 -2.2862
4 -2.3377
5 -2.3804
6 -2.4141
7 -2.4391
8 -2.4552
9 -2.4627
10 -2.4615
11 -2.4519
12 -2.4338
13 -2.4073
14 -2.3727
15 -2.33
16 -2.2793
17 -2.2209
18 -2.1548
19 -2.0812
20 -2.0002
21 -1.9121
22 -1.8171
23 -1.7152
24 -1.6068
25 -1.492
26 -1.371
27 -1.2441
28 -1.1115
29 -0.9734
30 -0.83
31 -0.6816
32 -0.5285
33 -0.3709
34 -0.209
35 -0.0431
36 0.1264
37 0.2994
38 0.4756
39 0.6547
40 0.8363
41 1.0203
42 1.2063
43 1.3941
44 1.5833
45 1.7737
46 1.965
47 2.1568
48 2.3489
49 2.541
50 2.7329
51 2.9241
52 3.1145
53 3.3038
54 3.4916
55 3.6777
56 3.8619
57 4.0438
58 4.2232
59 4.3998
60 4.5734
61 4.7437
62 4.9105
63 5.0735
64 5.2326
65 5.3874
66 5.5379
67 5.6837
68 5.8246
69 5.9606
70 6.0914
71 6.2168
72 6.3367
73 6.4509
74 6.5593
75 6.6618
76 6.7582
77 6.8484
78 6.9323
79 7.0099
80 7.0811
81 7.1458
82 7.2039
83 7.2554
84 7.3003
85 7.3385
86 7.3701
87 7.3951
88 7.4134
89 7.4251
90 7.4302
91 7.4289
92 7.421
93 7.4068
94 7.3862
95 7.3594
96 7.3265
97 7.2876
98 7.2427
99 7.1921
100 7.1358
101 7.0741
102 7.007
103 6.9347
104 6.8574
105 6.7752
106 6.6883
107 6.597
108 6.5014
109 6.4016
110 6.2979
111 6.1906
112 6.0797
113 5.9656
114 5.8483
115 5.7282
116 5.6054
117 5.4802
118 5.3528
119 5.2234
120 5.0922
121 4.9594
122 4.8252
123 4.69
124 4.5537
125 4.4168
126 4.2794
127 4.1416
128 4.0038
129 3.866
130 3.7285
131 3.5915
132 3.4552
133 3.3197
134 3.1852
135 3.0519
136 2.9199
137 2.7895
138 2.6607
139 2.5337
140 2.4087
141 2.2858
142 2.1651
143 2.0468
144 1.931
145 1.8177
146 1.7071
147 1.5994
148 1.4945
149 1.3926
150 1.2938
151 1.1981
152 1.1057
153 1.0165
154 0.9307
155 0.8484
156 0.7695
157 0.6941
158 0.6222
159 0.554
160 0.4894
161 0.4285
162 0.3713
163 0.3178
164 0.268
165 0.222
166 0.1798
167 0.1414
168 0.1067
169 0.0759
170 0.0488
171 0.0256
172 0.0061
173 -0.0096
174 -0.0215
175 -0.0296
176 -0.034
177 -0.0346
178 -0.0315
179 -0.0247
180 -0.0142
