-180 2.4945
-179 2.4945
-178 2.5123
-177 2.5338
-176 2.5588
-175 2.5874
-174 2.6195
-173 2.6552
-172 2.6943
-171 2.7369
-170 2.7829
-169 2.8323
-168 2.8851
-167 2.9411
-166 3.0004
-165 3.0630
-164 3.1288
-163 3.1978
-162 3.2699
-161 3.3452
-160 3.4235
-159 3.5049
-158 3.5893
-157 3.6768
-156 3.7672
-155 3.8606
-154 3.9570
-153 4.0563
-152 4.1585
-151 4.2638
-150 4.3720
-149 4.4831
-148 4.5973
-147 4.7145
-146 4.8347
-145 4.9581
-144 5.0846
-143 5.2143
-142 5.3473
-141 5.4837
-140 5.6235
-139 5.7668
-138 5.9138
-137 6.0646
-136 6.2192
-135 6.3777
-134 6.5404
-133 6.7073
-132 6.8786
-131 7.0543
-130 7.2347
-129 7.4198
-128 7.6098
-127 7.8047
-126 8.0047
-125 8.2099
-124 8.4204
-123 8.6361
-122 8.8571
-121 9.0835
-120 9.3152
-119 9.5522
-118 9.7944
-117 10.0416
-116 10.2938
-115 10.5506
-114 10.8120
-113 11.0775
-112 11.3469
-111 11.6198
-110 11.8957
-109 12.1742
-108 12.4548
-107 12.7369
-106 13.0198
-105 13.3030
-104 13.5858
-103 13.8674
-102 14.1470
-101 14.4240
-100 14.6974
-99 14.9664
-98 15.2303
-97 15.4881
-96 15.7391
-95 15.9822
-94 16.2169
-93 16.4421
-92 16.6572
-91 16.8613
-90 17.0538
-89 17.2339
-88 17.4010
-87 17.5545
-86 17.6939
-85 17.8186
-84 17.9282
-83 18.0224
-82 18.1007
-81 18.1631
-80 18.2092
-79 18.2390
-78 18.2524
-77 18.2493
-76 18.2299
-75 18.1941
-74 18.1422
-73 18.0744
-72 17.9909
-71 17.8920
-70 17.7781
-69 17.6495
-68 17.5066
-67 17.3498
-66 17.1797
-65 16.9966
-64 16.8011
-63 16.5938
-62 16.3751
-61 16.1455
-60 15.9058
-59 15.6563
-58 15.3976
-57 15.1304
-56 14.8552
-55 14.5726
-54 14.2830
-53 13.9871
-52 13.6855
-51 13.3786
-50 13.0670
-49 12.7512
-48 12.4318
-47 12.1093
-46 11.7841
-45 11.4568
-44 11.1279
-43 10.7977
-42 10.4669
-41 10.1357
-40 9.8048
-39 9.4744
-38 9.1450
-37 8.8171
-36 8.4910
-35 8.1671
-34 7.8458
-33 7.5274
-32 7.2123
-31 6.9009
-30 6.5934
-29 6.2902
-28 5.9916
-27 5.6979
-26 5.4094
-25 5.1263
-24 4.8490
-23 4.5776
-22 4.3124
-21 4.0537
-20 3.8017
-19 3.5566
-18 3.3186
-17 3.0879
-16 2.8646
-15 2.6490
-14 2.4412
-13 2.2413
-12 2.0496
-11 1.8660
-10 1.6908
-9 1.5241
-8 1.3659
-7 1.2163
-6 1.0755
-5 0.9434
-4 0.8203
-3 0.7059
-2 0.6006
-1 0.5042
0 0.4167
1 0.3383
2 0.2688
3 0.2083
4 0.1568
5 0.1141
6 0.0804
7 0.0554
8 0.0393
9 0.0318
10 0.0330
11 0.0426
12 0.0607
13 0.0872
14 0.1218
15 0.1645
16 0.2152
17 0.2736
18 0.3397
19 0.4133
20 0.4943
21 0.5824
22 0.6774
23 0.7793
24 0.8877
25 1.0025
26 1.1235
27 1.2504
28 1.3830
29 1.5211
30 1.6645
31 1.8129
32 1.9660
33 2.1236
34 2.2855
35 2.4514
36 2.6209
37 2.7939
38 2.9701
39 3.1492
40 3.3308
41 3.5148
42 3.7008
43 3.8886
44 4.0778
45 4.2682
46 4.4595
47 4.6513
48 4.8434
49 5.0355
50 5.2274
51 5.4186
52 5.6090
53 5.7983
54 5.9861
55 6.1722
56 6.3564
57 6.5383
58 6.7177
59 6.8943
60 7.0679
61 7.2382
62 7.4050
63 7.5680
64 7.7271
65 7.8819
66 8.0324
67 8.1782
68 8.3191
69 8.4551
70 8.5859
71 8.7113
72 8.8312
73 8.9454
74 9.0538
75 9.1563
76 9.2527
77 9.3429
78 9.4268
79 9.5044
80 9.5756
81 9.6403
82 9.6984
83 9.7499
84 9.7948
85 9.8330
86 9.8646
87 9.8896
88 9.9079
89 9.9196
90 9.9247
91 9.9234
92 9.9155
93 9.9013
94 9.8807
95 9.8539
96 9.8210
97 9.7821
98 9.7372
99 9.6866
100 9.6303
101 9.5686
102 9.5015
103 9.4292
104 9.3519
105 9.2697
106 9.1828
107 9.0915
108 8.9959
109 8.8961
110 8.7924
111 8.6851
112 8.5742
113 8.4601
114 8.3428
115 8.2227
116 8.0999
117 7.9747
118 7.8473
119 7.7179
120 7.5867
121 7.4539
122 7.3197
123 7.1845
124 7.0482
125 6.9113
126 6.7739
127 6.6361
128 6.4983
129 6.3605
130 6.2230
131 6.0860
132 5.9497
133 5.8142
134 5.6797
135 5.5464
136 5.4144
137 5.2840
138 5.1552
139 5.0282
140 4.9032
141 4.7803
142 4.6596
143 4.5413
144 4.4255
145 4.3122
146 4.2016
147 4.0939
148 3.9890
149 3.8871
150 3.7883
151 3.6926
152 3.6002
153 3.5110
154 3.4252
155 3.3429
156 3.2640
157 3.1886
158 3.1167
159 3.0485
160 2.9839
161 2.9230
162 2.8658
163 2.8123
164 2.7625
165 2.7165
166 2.6743
167 2.6359
168 2.6012
169 2.5704
170 2.5433
171 2.5201
172 2.5006
173 2.4849
174 2.4730
175 2.4649
176 2.4605
177 2.4599
178 2.4630
179 2.4698
180 2.4803
181 2.4945
