-180 23.8737
-179 23.8737
-178 29.5964
-177 28.1496
-176 26.2177
-175 22.1364
-174 22.5652
-173 22.7210
-172 24.0802
-171 28.0355
-170 25.3732
-169 24.6258
-168 23.0491
-167 35.6981
-166 25.0259
-165 30.6879
-164 23.2710
-163 29.3792
-162 24.2840
-161 25.8936
-160 27.3960
-159 34.5874
-158 24.8432
-157 21.7622
-156 22.9121
-155 27.6773
-154 28.3628
-153 27.2468
-152 25.1843
-151 27.1180
-150 22.2319
-149 29.3588
-148 23.4452
-147 20.7651
-146 31.3839
-145 26.0542
-144 24.4761
-143 29.4610
-142 25.3159
-141 28.6663
-140 29.9549
-139 24.7839
-138 32.7926
-137 35.4031
-136 29.8605
-135 28.4515
-134 30.8921
-133 25.8583
-132 29.9964
-131 30.3393
-130 32.9175
-129 25.0596
-128 28.7577
-127 29.4129
-126 26.7800
-125 33.5317
-124 34.2107
-123 36.2972
-122 29.5448
-121 31.4757
-120 36.2980
-119 39.2093
-118 35.3318
-117 41.1025
-116 34.5106
-115 31.9786
-114 29.2393
-113 33.9977
-112 39.0886
-111 33.2441
-110 32.1238
-109 36.6248
-108 31.2214
-107 32.7436
-106 37.1423
-105 35.6680
-104 37.3450
-103 37.2159
-102 34.7688
-101 31.8218
-100 32.1994
-99 40.9373
-98 47.0433
-97 36.3287
-96 34.3165
-95 37.9158
-94 41.6253
-93 38.7235
-92 41.0815
-91 37.8950
-90 51.5526
-89 40.1470
-88 35.8197
-87 37.7561
-86 46.3913
-85 42.4456
-84 45.5081
-83 38.2408
-82 39.4066
-81 41.2579
-80 41.6727
-79 43.0517
-78 37.5220
-77 31.6702
-76 38.4847
-75 39.9205
-74 39.2560
-73 43.8959
-72 39.5487
-71 36.0822
-70 51.7137
-69 40.5485
-68 36.4741
-67 45.9627
-66 39.6202
-65 43.5014
-64 41.9123
-63 34.0829
-62 36.9238
-61 38.3135
-60 33.8634
-59 33.9536
-58 37.6634
-57 40.7588
-56 45.0688
-55 47.6882
-54 41.2198
-53 31.1011
-52 35.6666
-51 32.6269
-50 33.8140
-49 33.0129
-48 33.3076
-47 29.4769
-46 33.8270
-45 38.4286
-44 37.4457
-43 29.1170
-42 31.2945
-41 37.3250
-40 32.8899
-39 30.3056
-38 36.0192
-37 32.0868
-36 26.2978
-35 28.6054
-34 32.9656
-33 33.2519
-32 27.9345
-31 32.1145
-30 29.0379
-29 22.4705
-28 31.9093
-27 32.8840
-26 30.1370
-25 25.5587
-24 34.4196
-23 28.5881
-22 30.2416
-21 27.1224
-20 21.7572
-19 23.0401
-18 32.7960
-17 33.3446
-16 24.7584
-15 27.7235
-14 26.3348
-13 20.6479
-12 19.8229
-11 28.4508
-10 21.1122
-9 27.5118
-8 24.1017
-7 24.1596
-6 22.8532
-5 24.0831
-4 18.8480
-3 29.1412
-2 24.9725
-1 24.2606
0 28.8658
1 24.3388
2 17.3048
3 21.4250
4 20.7552
5 16.7821
6 24.6575
7 22.1192
8 13.8541
9 23.1767
10 15.3450
11 28.8786
12 26.2164
13 23.6670
14 19.8589
15 21.0089
16 19.1114
17 19.3348
18 21.0204
19 20.1096
20 21.7710
21 19.8028
22 26.7222
23 27.7704
24 18.3520
25 29.4697
26 25.7125
27 26.8107
28 24.4606
29 27.8340
30 25.3315
31 24.1348
32 18.3580
33 15.4163
34 23.3975
35 25.4047
36 21.0212
37 20.5600
38 29.8078
39 32.0779
40 20.0118
41 25.6116
42 27.9001
43 27.7096
44 28.0765
45 23.2846
46 23.2652
47 24.7271
48 28.4181
49 22.3285
50 28.9912
51 32.5161
52 23.7473
53 21.7090
54 27.5922
55 27.8209
56 28.2537
57 23.6822
58 29.8416
59 29.4885
60 32.0744
61 22.7275
62 33.3703
63 43.4650
64 30.2226
65 30.1757
66 29.1940
67 28.1839
68 28.4427
69 32.1526
70 30.5633
71 27.4442
72 29.4901
73 30.7893
74 30.8028
75 31.3124
76 34.8305
77 35.0975
78 28.5212
79 30.5752
80 36.0226
81 37.9426
82 27.8047
83 27.7741
84 34.2996
85 33.9156
86 33.9187
87 36.6331
88 28.6667
89 34.0601
90 33.5602
91 26.3530
92 30.3101
93 35.5131
94 38.3150
95 32.9262
96 29.5197
97 37.8464
98 27.4344
99 30.7070
100 31.0971
101 29.5747
102 34.7817
103 35.1855
104 32.2704
105 25.5657
106 30.7219
107 28.8445
108 31.5922
109 39.6925
110 36.6849
111 38.9905
112 31.6467
113 34.6678
114 26.7713
115 32.7738
116 27.9214
117 29.9338
118 34.0226
119 31.5203
120 32.7274
121 29.3099
122 32.6804
123 23.4942
124 28.1274
125 23.8041
126 28.5204
127 24.3377
128 29.8396
129 29.0571
130 35.2049
131 27.6231
132 32.9639
133 24.2866
134 33.9198
135 33.2476
136 31.1539
137 25.8199
138 27.6139
139 23.4038
140 26.8443
141 27.9079
142 23.1529
143 22.3847
144 23.0136
145 26.2875
146 21.3639
147 25.2376
148 28.3684
149 31.5835
150 31.7232
151 24.4135
152 22.9502
153 33.8206
154 30.1358
155 23.1479
156 23.4475
157 26.9249
158 19.4576
159 30.9045
160 27.1562
161 26.8391
162 25.9822
163 31.3460
164 22.1158
165 20.9459
166 30.8750
167 29.0221
168 33.2493
169 23.7636
170 32.6796
171 22.0122
172 24.9227
173 26.4453
174 17.9644
175 19.1176
176 30.1130
177 26.8246
178 25.4216
179 23.2155
180 29.1416
181 20.7938
