dih  Etot    EPtot   BOND   ANGLE  DIHED   1-4NB  1-4EEL  VDWAALS  EELEC EGB
-180 12.0680 -21.7507 5.4435 2.8766 9.2526 6.1446 36.6541 44.3715 -103.2651 -23.2286
-179 12.0680 -21.7507 5.4435 2.8766 9.2526 6.1446 36.6541 44.3715 -103.2651 -23.2286
-178 -1.1429 -21.6580 5.4435 2.8766 9.2557 6.1446 36.6539 44.3715 -103.2459 -23.1580
-177 6.7159 -21.5583 5.4435 2.8766 9.2650 6.1446 36.6536 44.3715 -103.2274 -23.0857
-176 -3.3299 -21.4521 5.4435 2.8766 9.2804 6.1446 36.6529 44.3715 -103.2094 -23.0123
-175 -5.9275 -21.3399 5.4435 2.8766 9.3020 6.1446 36.6521 44.3715 -103.1921 -22.9381
-174 4.2881 -21.2218 5.4435 2.8766 9.3298 6.1446 36.6509 44.3715 -103.1754 -22.8633
-173 -0.2306 -21.0980 5.4435 2.8766 9.3636 6.1446 36.6495 44.3715 -103.1594 -22.7880
-172 4.2202 -20.9686 5.4435 2.8766 9.4034 6.1446 36.6479 44.3715 -103.1440 -22.7122
-171 8.2724 -20.8336 5.4435 2.8766 9.4493 6.1446 36.6460 44.3715 -103.1292 -22.6359
-170 3.4845 -20.6932 5.4435 2.8766 9.5012 6.1446 36.6438 44.3715 -103.1152 -22.5592
-169 0.2156 -20.5475 5.4435 2.8766 9.5589 6.1446 36.6414 44.3715 -103.1018 -22.4822
-168 7.4670 -20.3966 5.4435 2.8766 9.6225 6.1446 36.6387 44.3715 -103.0892 -22.4048
-167 -1.3880 -20.2406 5.4435 2.8766 9.6919 6.1446 36.6357 44.3715 -103.0773 -22.3271
-166 3.7956 -20.0797 5.4435 2.8766 9.7669 6.1446 36.6325 44.3715 -103.0660 -22.2492
-165 0.0232 -19.9140 5.4435 2.8766 9.8475 6.1446 36.6289 44.3715 -103.0555 -22.1711
-164 9.4824 -19.7436 5.4435 2.8766 9.9337 6.1446 36.6251 44.3715 -103.0458 -22.0929
-163 4.7883 -19.5688 5.4435 2.8766 10.0252 6.1446 36.6210 44.3715 -103.0367 -22.0145
-162 3.0163 -19.3896 5.4435 2.8766 10.1221 6.1446 36.6166 44.3715 -103.0284 -21.9361
-161 5.8563 -19.2062 5.4435 2.8766 10.2242 6.1446 36.6119 44.3715 -103.0207 -21.8577
-160 5.5424 -19.0188 5.4435 2.8766 10.3313 6.1446 36.6069 44.3715 -103.0138 -21.7793
-159 -0.9454 -18.8275 5.4435 2.8766 10.4434 6.1446 36.6015 44.3715 -103.0076 -21.7011
-158 4.6621 -18.6326 5.4435 2.8766 10.5604 6.1446 36.5958 44.3715 -103.0020 -21.6230
-157 5.2793 -18.4342 5.4435 2.8766 10.6820 6.1446 36.5899 44.3715 -102.9971 -21.5452
-156 7.3874 -18.2324 5.4435 2.8766 10.8082 6.1446 36.5835 44.3715 -102.9927 -21.4677
-155 5.0625 -18.0275 5.4435 2.8766 10.9389 6.1446 36.5769 44.3715 -102.9889 -21.3905
-154 2.2448 -17.8196 5.4435 2.8766 11.0738 6.1446 36.5698 44.3715 -102.9857 -21.3138
-153 5.5514 -17.6089 5.4435 2.8766 11.2129 6.1446 36.5625 44.3715 -102.9829 -21.2375
-152 3.6924 -17.3955 5.4435 2.8766 11.3559 6.1446 36.5547 44.3715 -102.9805 -21.1619
-151 5.9575 -17.1797 5.4435 2.8766 11.5027 6.1446 36.5466 44.3715 -102.9785 -21.0868
-150 8.2705 -16.9615 5.4435 2.8766 11.6532 6.1446 36.5381 44.3715 -102.9767 -21.0124
-149 11.5759 -16.7412 5.4435 2.8766 11.8072 6.1446 36.5292 44.3715 -102.9751 -20.9388
-148 8.4719 -16.5189 5.4435 2.8766 11.9644 6.1446 36.5200 44.3715 -102.9735 -20.8660
-147 4.7712 -16.2948 5.4435 2.8766 12.1248 6.1446 36.5103 44.3715 -102.9719 -20.7942
-146 10.5147 -16.0689 5.4435 2.8766 12.2882 6.1446 36.5002 44.3715 -102.9702 -20.7233
-145 5.4921 -15.8414 5.4435 2.8766 12.4543 6.1446 36.4897 44.3715 -102.9681 -20.6534
-144 6.1877 -15.6124 5.4435 2.8766 12.6230 6.1446 36.4787 44.3715 -102.9656 -20.5847
-143 8.4738 -15.3821 5.4435 2.8766 12.7940 6.1446 36.4674 44.3715 -102.9625 -20.5172
-142 8.4881 -15.1504 5.4435 2.8766 12.9673 6.1446 36.4556 44.3715 -102.9587 -20.4509
-141 7.4021 -14.9176 5.4435 2.8766 13.1426 6.1446 36.4433 44.3715 -102.9538 -20.3859
-140 1.7210 -14.6838 5.4435 2.8766 13.3197 6.1446 36.4306 44.3715 -102.9479 -20.3223
-139 1.7974 -14.4489 5.4435 2.8766 13.4984 6.1446 36.4174 44.3715 -102.9405 -20.2603
-138 4.4894 -14.2130 5.4435 2.8766 13.6785 6.1446 36.4037 44.3715 -102.9316 -20.1998
-137 11.7879 -13.9763 5.4435 2.8766 13.8598 6.1446 36.3895 44.3715 -102.9209 -20.1409
-136 8.0248 -13.7385 5.4435 2.8766 14.0422 6.1446 36.3749 44.3715 -102.9082 -20.0837
-135 12.3429 -13.4999 5.4435 2.8766 14.2254 6.1446 36.3598 44.3715 -102.8932 -20.0281
-134 10.9578 -13.2603 5.4435 2.8766 14.4091 6.1446 36.3441 44.3715 -102.8756 -19.9743
-133 11.1314 -13.0198 5.4435 2.8766 14.5933 6.1446 36.3280 44.3715 -102.8552 -19.9222
-132 9.7981 -12.7783 5.4435 2.8766 14.7777 6.1446 36.3113 44.3715 -102.8317 -19.8719
-131 12.3778 -12.5358 5.4435 2.8766 14.9621 6.1446 36.2941 44.3715 -102.8048 -19.8235
-130 8.2490 -12.2923 5.4435 2.8766 15.1463 6.1446 36.2764 44.3715 -102.7743 -19.7770
-129 9.2301 -12.0479 5.4435 2.8766 15.3301 6.1446 36.2581 44.3715 -102.7399 -19.7325
-128 7.3284 -11.8028 5.4435 2.8766 15.5133 6.1446 36.2393 44.3715 -102.7013 -19.6904
-127 14.7837 -11.5570 5.4435 2.8766 15.6957 6.1446 36.2200 44.3715 -102.6582 -19.6507
-126 0.6442 -11.3104 5.4435 2.8766 15.8771 6.1446 36.2001 44.3715 -102.6104 -19.6135
-125 2.6255 -11.0630 5.4435 2.8766 16.0573 6.1446 36.1796 44.3715 -102.5575 -19.5787
-124 10.9014 -10.8148 5.4435 2.8766 16.2361 6.1446 36.1586 44.3715 -102.4995 -19.5463
-123 13.6257 -10.5656 5.4435 2.8766 16.4134 6.1446 36.1370 44.3715 -102.4359 -19.5163
-122 14.6910 -10.3156 5.4435 2.8766 16.5888 6.1446 36.1149 44.3715 -102.3667 -19.4888
-121 4.5897 -10.0646 5.4435 2.8766 16.7623 6.1446 36.0921 44.3715 -102.2915 -19.4637
-120 11.5720 -9.8129 5.4435 2.8766 16.9336 6.1446 36.0688 44.3715 -102.2104 -19.4412
-119 13.2715 -9.5606 5.4435 2.8766 17.1026 6.1446 36.0449 44.3715 -102.1230 -19.4213
-118 15.1312 -9.3075 5.4435 2.8766 17.2691 6.1446 36.0204 44.3715 -102.0294 -19.4039
-117 5.4743 -9.0537 5.4435 2.8766 17.4329 6.1446 35.9953 44.3715 -101.9293 -19.3889
-116 12.7082 -8.7994 5.4435 2.8766 17.5939 6.1446 35.9697 44.3715 -101.8229 -19.3762
-115 15.8242 -8.5446 5.4435 2.8766 17.7518 6.1446 35.9434 44.3715 -101.7100 -19.3659
-114 11.2276 -8.2894 5.4435 2.8766 17.9065 6.1446 35.9166 44.3715 -101.5908 -19.3579
-113 13.3895 -8.0342 5.4435 2.8766 18.0578 6.1446 35.8891 44.3715 -101.4652 -19.3522
-112 15.9971 -7.7791 5.4435 2.8766 18.2057 6.1446 35.8611 44.3715 -101.3335 -19.3486
-111 14.4130 -7.5244 5.4435 2.8766 18.3498 6.1446 35.8324 44.3715 -101.1958 -19.3471
-110 22.9602 -7.2703 5.4435 2.8766 18.4902 6.1446 35.8032 44.3715 -101.0523 -19.3477
-109 16.6175 -7.0173 5.4435 2.8766 18.6266 6.1446 35.7733 44.3715 -100.9032 -19.3503
-108 15.7627 -6.7657 5.4435 2.8766 18.7589 6.1446 35.7429 44.3715 -100.7489 -19.3548
-107 17.9155 -6.5159 5.4435 2.8766 18.8870 6.1446 35.7119 44.3715 -100.5898 -19.3612
-106 19.1294 -6.2685 5.4435 2.8766 19.0107 6.1446 35.6803 44.3715 -100.4262 -19.3695
-105 16.4399 -6.0239 5.4435 2.8766 19.1300 6.1446 35.6480 44.3715 -100.2585 -19.3795
-104 11.9768 -5.7826 5.4435 2.8766 19.2446 6.1446 35.6152 44.3715 -100.0874 -19.3913
-103 20.1826 -5.5452 5.4435 2.8766 19.3545 6.1446 35.5818 44.3715 -99.9132 -19.4047
-102 13.7478 -5.3124 5.4435 2.8766 19.4597 6.1446 35.5478 44.3715 -99.7365 -19.4197
-101 16.2663 -5.0847 5.4435 2.8766 19.5599 6.1446 35.5133 44.3715 -99.5579 -19.4362
-100 15.3691 -4.8628 5.4435 2.8766 19.6552 6.1446 35.4782 44.3715 -99.3780 -19.4543
-99 17.8898 -4.6473 5.4435 2.8766 19.7453 6.1446 35.4424 44.3715 -99.1975 -19.4737
-98 19.0715 -4.4388 5.4435 2.8766 19.8303 6.1446 35.4062 44.3715 -99.0171 -19.4945
-97 24.8445 -4.2382 5.4435 2.8766 19.9100 6.1446 35.3693 44.3715 -98.8372 -19.5165
-96 21.1928 -4.0460 5.4435 2.8766 19.9845 6.1446 35.3319 44.3715 -98.6587 -19.5398
-95 16.4277 -3.8628 5.4435 2.8766 20.0535 6.1446 35.2940 44.3715 -98.4822 -19.5643
-94 17.9293 -3.6895 5.4435 2.8766 20.1172 6.1446 35.2555 44.3715 -98.3084 -19.5899
-93 17.7774 -3.5265 5.4435 2.8766 20.1753 6.1446 35.2165 44.3715 -98.1379 -19.6166
-92 17.8980 -3.3745 5.4435 2.8766 20.2280 6.1446 35.1769 44.3715 -97.9714 -19.6443
-91 26.8372 -3.2342 5.4435 2.8766 20.2751 6.1446 35.1369 44.3715 -97.8095 -19.6730
-90 23.2191 -3.1060 5.4435 2.8766 20.3167 6.1446 35.0963 44.3715 -97.6527 -19.7025
-89 19.4394 -2.9905 5.4435 2.8766 20.3526 6.1446 35.0552 44.3715 -97.5017 -19.7329
-88 24.1775 -2.8882 5.4435 2.8766 20.3830 6.1446 35.0136 44.3715 -97.3570 -19.7641
-87 20.7565 -2.7996 5.4435 2.8766 20.4077 6.1446 34.9716 44.3715 -97.2191 -19.7961
-86 17.7723 -2.7250 5.4435 2.8766 20.4269 6.1446 34.9291 44.3715 -97.0884 -19.8288
-85 20.8728 -2.6647 5.4435 2.8766 20.4404 6.1446 34.8861 44.3715 -96.9653 -19.8620
-84 17.5293 -2.6189 5.4435 2.8766 20.4484 6.1446 34.8426 44.3715 -96.8503 -19.8958
-83 24.7544 -2.5879 5.4435 2.8766 20.4507 6.1446 34.7988 44.3715 -96.7437 -19.9300
-82 22.1243 -2.5719 5.4435 2.8766 20.4476 6.1446 34.7545 44.3715 -96.6456 -19.9646
-81 15.7914 -2.5710 5.4435 2.8766 20.4389 6.1446 34.7098 44.3715 -96.5563 -19.9996
-80 13.5403 -2.5854 5.4435 2.8766 20.4247 6.1446 34.6647 44.3715 -96.4761 -20.0349
-79 16.9840 -2.6150 5.4435 2.8766 20.4052 6.1446 34.6192 44.3715 -96.4050 -20.0706
-78 17.4055 -2.6598 5.4435 2.8766 20.3802 6.1446 34.5734 44.3715 -96.3431 -20.1065
-77 22.5137 -2.7198 5.4435 2.8766 20.3500 6.1446 34.5272 44.3715 -96.2905 -20.1428
-76 20.3314 -2.7948 5.4435 2.8766 20.3145 6.1446 34.4807 44.3715 -96.2470 -20.1792
-75 12.3931 -2.8844 5.4435 2.8766 20.2739 6.1446 34.4338 44.3715 -96.2127 -20.2156
-74 11.7687 -2.9883 5.4435 2.8766 20.2281 6.1446 34.3867 44.3715 -96.1875 -20.2518
-73 16.0413 -3.1058 5.4435 2.8766 20.1774 6.1446 34.3393 44.3715 -96.1713 -20.2874
-72 18.6946 -3.2367 5.4435 2.8766 20.1217 6.1446 34.2916 44.3715 -96.1638 -20.3225
-71 18.0037 -3.3806 5.4435 2.8766 20.0613 6.1446 34.2436 44.3715 -96.1648 -20.3569
-70 22.5644 -3.5370 5.4435 2.8766 19.9961 6.1446 34.1955 44.3715 -96.1743 -20.3905
-69 17.0638 -3.7056 5.4435 2.8766 19.9263 6.1446 34.1471 44.3715 -96.1918 -20.4234
-68 13.8607 -3.8859 5.4435 2.8766 19.8520 6.1446 34.0985 44.3715 -96.2171 -20.4556
-67 18.3049 -4.0774 5.4435 2.8766 19.7734 6.1446 34.0498 44.3715 -96.2500 -20.4869
-66 17.6810 -4.2797 5.4435 2.8766 19.6905 6.1446 34.0009 44.3715 -96.2900 -20.5173
-65 18.6183 -4.4923 5.4435 2.8766 19.6035 6.1446 33.9519 44.3715 -96.3370 -20.5469
-64 18.1622 -4.7147 5.4435 2.8766 19.5124 6.1446 33.9028 44.3715 -96.3906 -20.5756
-63 19.0185 -4.9464 5.4435 2.8766 19.4176 6.1446 33.8536 44.3715 -96.4504 -20.6034
-62 12.6161 -5.1868 5.4435 2.8766 19.3190 6.1446 33.8044 44.3715 -96.5161 -20.6303
-61 13.5775 -5.4354 5.4435 2.8766 19.2169 6.1446 33.7551 44.3715 -96.5874 -20.6563
-60 15.5432 -5.6918 5.4435 2.8766 19.1114 6.1446 33.7058 44.3715 -96.6639 -20.6814
-59 18.0945 -5.9554 5.4435 2.8766 19.0027 6.1446 33.6566 44.3715 -96.7453 -20.7055
-58 17.1148 -6.2257 5.4435 2.8766 18.8908 6.1446 33.6073 44.3715 -96.8313 -20.7288
-57 13.0814 -6.5022 5.4435 2.8766 18.7760 6.1446 33.5582 44.3715 -96.9214 -20.7511
-56 11.4473 -6.7843 5.4435 2.8766 18.6585 6.1446 33.5091 44.3715 -97.0155 -20.7726
-55 9.0984 -7.0716 5.4435 2.8766 18.5383 6.1446 33.4601 44.3715 -97.1131 -20.7932
-54 18.8912 -7.3637 5.4435 2.8766 18.4157 6.1446 33.4113 44.3715 -97.2140 -20.8129
-53 17.4200 -7.6599 5.4435 2.8766 18.2909 6.1446 33.3627 44.3715 -97.3179 -20.8318
-52 13.3515 -7.9599 5.4435 2.8766 18.1640 6.1446 33.3142 44.3715 -97.4245 -20.8499
-51 19.4565 -8.2632 5.4435 2.8766 18.0352 6.1446 33.2660 44.3715 -97.5335 -20.8672
-50 12.1322 -8.5693 5.4435 2.8766 17.9048 6.1446 33.2180 44.3715 -97.6446 -20.8837
-49 19.9249 -8.8779 5.4435 2.8766 17.7727 6.1446 33.1703 44.3715 -97.7576 -20.8995
-48 13.1916 -9.1884 5.4435 2.8766 17.6394 6.1446 33.1229 44.3715 -97.8723 -20.9146
-47 12.8785 -9.5005 5.4435 2.8766 17.5048 6.1446 33.0759 44.3715 -97.9885 -20.9290
-46 13.2407 -9.8137 5.4435 2.8766 17.3693 6.1446 33.0292 44.3715 -98.1058 -20.9427
-45 24.7770 -10.1277 5.4435 2.8766 17.2330 6.1446 32.9829 44.3715 -98.2241 -20.9558
-44 5.8405 -10.4421 5.4435 2.8766 17.0962 6.1446 32.9370 44.3715 -98.3433 -20.9683
-43 9.5077 -10.7565 5.4435 2.8766 16.9589 6.1446 32.8916 44.3715 -98.4631 -20.9802
-42 11.5379 -11.0706 5.4435 2.8766 16.8213 6.1446 32.8467 44.3715 -98.5833 -20.9915
-41 15.4107 -11.3840 5.4435 2.8766 16.6838 6.1446 32.8023 44.3715 -98.7038 -21.0024
-40 8.2666 -11.6963 5.4435 2.8766 16.5464 6.1446 32.7584 44.3715 -98.8245 -21.0128
-39 12.4979 -12.0073 5.4435 2.8766 16.4094 6.1446 32.7151 44.3715 -98.9452 -21.0227
-38 9.9296 -12.3165 5.4435 2.8766 16.2728 6.1446 32.6724 44.3715 -99.0657 -21.0323
-37 6.0512 -12.6239 5.4435 2.8766 16.1370 6.1446 32.6303 44.3715 -99.1859 -21.0414
-36 3.9711 -12.9289 5.4435 2.8766 16.0021 6.1446 32.5888 44.3715 -99.3058 -21.0503
-35 7.8377 -13.2314 5.4435 2.8766 15.8683 6.1446 32.5481 44.3715 -99.4253 -21.0587
-34 4.5372 -13.5310 5.4435 2.8766 15.7357 6.1446 32.5081 44.3715 -99.5441 -21.0670
-33 3.6946 -13.8275 5.4435 2.8766 15.6046 6.1446 32.4688 44.3715 -99.6623 -21.0749
-32 0.6713 -14.1199 5.4435 2.8766 15.4751 6.1446 32.4303 44.3715 -99.7797 -21.0818
-31 2.1017 -14.4075 5.4435 2.8766 15.3474 6.1446 32.3926 44.3715 -99.8963 -21.0875
-30 7.3606 -14.6904 5.4435 2.8766 15.2217 6.1446 32.3557 44.3715 -100.0120 -21.0920
-29 4.1985 -14.9682 5.4435 2.8766 15.0981 6.1446 32.3197 44.3715 -100.1267 -21.0955
-28 1.5277 -15.2409 5.4435 2.8766 14.9768 6.1446 32.2846 44.3715 -100.2405 -21.0980
-27 15.8446 -15.5083 5.4435 2.8766 14.8580 6.1446 32.2503 44.3715 -100.3531 -21.0997
-26 8.4782 -15.7702 5.4435 2.8766 14.7417 6.1446 32.2170 44.3715 -100.4647 -21.1006
-25 5.7561 -16.0266 5.4435 2.8766 14.6283 6.1446 32.1847 44.3715 -100.5751 -21.1008
-24 4.5930 -16.2773 5.4435 2.8766 14.5178 6.1446 32.1534 44.3715 -100.6842 -21.1005
-23 3.3117 -16.5223 5.4435 2.8766 14.4104 6.1446 32.1231 44.3715 -100.7922 -21.0998
-22 7.2009 -16.7616 5.4435 2.8766 14.3062 6.1446 32.0938 44.3715 -100.8989 -21.0989
-21 11.4107 -16.9949 5.4435 2.8766 14.2053 6.1446 32.0656 44.3715 -101.0043 -21.0978
-20 9.0627 -17.2223 5.4435 2.8766 14.1080 6.1446 32.0384 44.3715 -101.1084 -21.0965
-19 5.5507 -17.4435 5.4435 2.8766 14.0143 6.1446 32.0124 44.3715 -101.2111 -21.0953
-18 2.1177 -17.6585 5.4435 2.8766 13.9243 6.1446 31.9875 44.3715 -101.3125 -21.0940
-17 1.8378 -17.8672 5.4435 2.8766 13.8382 6.1446 31.9637 44.3715 -101.4126 -21.0927
-16 1.7317 -18.0694 5.4435 2.8766 13.7561 6.1446 31.9411 44.3715 -101.5112 -21.0916
-15 2.8035 -18.2651 5.4435 2.8766 13.6780 6.1446 31.9197 44.3715 -101.6085 -21.0905
-14 1.2125 -18.4541 5.4435 2.8766 13.6042 6.1446 31.8995 44.3715 -101.7044 -21.0897
-13 2.9985 -18.6365 5.4435 2.8766 13.5347 6.1446 31.8805 44.3715 -101.7989 -21.0890
-12 3.1532 -18.8121 5.4435 2.8766 13.4695 6.1446 31.8628 44.3715 -101.8919 -21.0887
-11 4.6394 -18.9808 5.4435 2.8766 13.4088 6.1446 31.8463 44.3715 -101.9836 -21.0886
-10 3.2793 -19.1427 5.4435 2.8766 13.3527 6.1446 31.8311 44.3715 -102.0739 -21.0888
-9 5.9681 -19.2976 5.4435 2.8766 13.3012 6.1446 31.8171 44.3715 -102.1627 -21.0894
-8 12.0144 -19.4455 5.4435 2.8766 13.2544 6.1446 31.8045 44.3715 -102.2502 -21.0904
-7 0.3364 -19.5864 5.4435 2.8766 13.2124 6.1446 31.7931 44.3715 -102.3362 -21.0918
-6 -0.3909 -19.7202 5.4435 2.8766 13.1751 6.1446 31.7831 44.3715 -102.4209 -21.0938
-5 7.3572 -19.8470 5.4435 2.8766 13.1428 6.1446 31.7744 44.3715 -102.5041 -21.0962
-4 2.3227 -19.9666 5.4435 2.8766 13.1153 6.1446 31.7670 44.3715 -102.5860 -21.0991
-3 -5.2983 -20.0791 5.4435 2.8766 13.0928 6.1446 31.7609 44.3715 -102.6665 -21.1026
-2 4.4548 -20.1846 5.4435 2.8766 13.0752 6.1446 31.7562 44.3715 -102.7456 -21.1066
-1 6.5790 -20.2829 5.4435 2.8766 13.0627 6.1446 31.7528 44.3715 -102.8234 -21.1113
0 -2.5202 -20.3742 5.4435 2.8766 13.0552 6.1446 31.7508 44.3715 -102.8998 -21.1166
1 0.0363 -20.4583 5.4435 2.8766 13.0526 6.1446 31.7501 44.3715 -102.9748 -21.1225
2 4.8108 -20.5355 5.4435 2.8766 13.0552 6.1446 31.7508 44.3715 -103.0485 -21.1292
3 1.4820 -20.6056 5.4435 2.8766 13.0627 6.1446 31.7528 44.3715 -103.1209 -21.1365
4 -2.1728 -20.6688 5.4435 2.8766 13.0752 6.1446 31.7562 44.3715 -103.1919 -21.1445
5 4.5058 -20.7250 5.4435 2.8766 13.0928 6.1446 31.7609 44.3715 -103.2617 -21.1532
6 1.6720 -20.7743 5.4435 2.8766 13.1153 6.1446 31.7670 44.3715 -103.3302 -21.1627
7 -2.7269 -20.8164 5.4435 2.8766 13.1428 6.1446 31.7744 44.3715 -103.3973 -21.1724
8 -2.8875 -20.8510 5.4435 2.8766 13.1751 6.1446 31.7831 44.3715 -103.4632 -21.1822
9 1.8937 -20.8782 5.4435 2.8766 13.2124 6.1446 31.7931 44.3715 -103.5279 -21.1920
10 -1.3780 -20.8980 5.4435 2.8766 13.2544 6.1446 31.8045 44.3715 -103.5912 -21.2018
11 -0.4205 -20.9106 5.4435 2.8766 13.3012 6.1446 31.8171 44.3715 -103.6534 -21.2118
12 3.2098 -20.9162 5.4435 2.8766 13.3527 6.1446 31.8311 44.3715 -103.7143 -21.2219
13 -1.3256 -20.9150 5.4435 2.8766 13.4088 6.1446 31.8463 44.3715 -103.7740 -21.2323
14 -2.3920 -20.9070 5.4435 2.8766 13.4695 6.1446 31.8628 44.3715 -103.8325 -21.2430
15 1.8032 -20.8924 5.4435 2.8766 13.5346 6.1446 31.8805 44.3715 -103.8898 -21.2540
16 -2.6512 -20.8714 5.4435 2.8766 13.6042 6.1446 31.8995 44.3715 -103.9459 -21.2654
17 1.0707 -20.8441 5.4435 2.8766 13.6780 6.1446 31.9197 44.3715 -104.0008 -21.2773
18 -2.2314 -20.8108 5.4435 2.8766 13.7561 6.1446 31.9411 44.3715 -104.0546 -21.2896
19 -1.0599 -20.7715 5.4435 2.8766 13.8382 6.1446 31.9637 44.3715 -104.1073 -21.3024
20 9.9615 -20.7265 5.4435 2.8766 13.9243 6.1446 31.9875 44.3715 -104.1588 -21.3157
21 2.3559 -20.6759 5.4435 2.8766 14.0143 6.1446 32.0124 44.3715 -104.2092 -21.3296
22 -0.7066 -20.6199 5.4435 2.8766 14.1080 6.1446 32.0384 44.3715 -104.2584 -21.3441
23 -2.4724 -20.5586 5.4435 2.8766 14.2053 6.1446 32.0656 44.3715 -104.3066 -21.3591
24 2.8414 -20.4923 5.4435 2.8766 14.3062 6.1446 32.0938 44.3715 -104.3537 -21.3748
25 0.4330 -20.4211 5.4435 2.8766 14.4104 6.1446 32.1231 44.3715 -104.3996 -21.3912
26 3.3781 -20.3453 5.4435 2.8766 14.5178 6.1446 32.1534 44.3715 -104.4446 -21.4082
27 5.5537 -20.2650 5.4435 2.8766 14.6283 6.1446 32.1847 44.3715 -104.4884 -21.4258
28 3.6264 -20.1803 5.4435 2.8766 14.7417 6.1446 32.2170 44.3715 -104.5312 -21.4441
29 -1.7430 -20.0916 5.4435 2.8766 14.8580 6.1446 32.2503 44.3715 -104.5730 -21.4631
30 3.6930 -19.9989 5.4435 2.8766 14.9768 6.1446 32.2846 44.3715 -104.6137 -21.4827
31 -0.4095 -19.9025 5.4435 2.8766 15.0981 6.1446 32.3197 44.3715 -104.6534 -21.5031
32 -7.1993 -19.8026 5.4435 2.8766 15.2217 6.1446 32.3557 44.3715 -104.6922 -21.5241
33 1.8887 -19.6994 5.4435 2.8766 15.3474 6.1446 32.3926 44.3715 -104.7299 -21.5458
34 0.7920 -19.5931 5.4435 2.8766 15.4751 6.1446 32.4303 44.3715 -104.7666 -21.5682
35 3.9085 -19.4839 5.4435 2.8766 15.6046 6.1446 32.4688 44.3715 -104.8023 -21.5912
36 4.8745 -19.3720 5.4435 2.8766 15.7357 6.1446 32.5081 44.3715 -104.8371 -21.6149
37 1.4185 -19.2576 5.4435 2.8766 15.8683 6.1446 32.5481 44.3715 -104.8709 -21.6393
38 -2.8776 -19.1409 5.4435 2.8766 16.0021 6.1446 32.5888 44.3715 -104.9037 -21.6644
39 -0.7870 -19.0222 5.4435 2.8766 16.1370 6.1446 32.6303 44.3715 -104.9356 -21.6901
40 3.9997 -18.9016 5.4435 2.8766 16.2728 6.1446 32.6724 44.3715 -104.9666 -21.7164
41 3.8747 -18.7793 5.4435 2.8766 16.4094 6.1446 32.7151 44.3715 -104.9966 -21.7434
42 -2.2976 -18.6557 5.4435 2.8766 16.5464 6.1446 32.7584 44.3715 -105.0257 -21.7710
43 9.0456 -18.5308 5.4435 2.8766 16.6838 6.1446 32.8023 44.3715 -105.0539 -21.7992
44 1.3145 -18.4049 5.4435 2.8766 16.8213 6.1446 32.8467 44.3715 -105.0812 -21.8280
45 3.5067 -18.2783 5.4435 2.8766 16.9589 6.1446 32.8916 44.3715 -105.1075 -21.8574
46 7.7213 -18.1510 5.4435 2.8766 17.0962 6.1446 32.9370 44.3715 -105.1330 -21.8874
47 4.5338 -18.0234 5.4435 2.8766 17.2330 6.1446 32.9829 44.3715 -105.1576 -21.9179
48 1.4130 -17.8956 5.4435 2.8766 17.3693 6.1446 33.0292 44.3715 -105.1814 -21.9490
49 -1.9180 -17.7679 5.4435 2.8766 17.5048 6.1446 33.0759 44.3715 -105.2042 -21.9806
50 0.8691 -17.6404 5.4435 2.8766 17.6394 6.1446 33.1229 44.3715 -105.2262 -22.0127
51 2.7630 -17.5134 5.4435 2.8766 17.7727 6.1446 33.1703 44.3715 -105.2473 -22.0453
52 4.9910 -17.3870 5.4435 2.8766 17.9048 6.1446 33.2180 44.3715 -105.2676 -22.0784
53 5.2875 -17.2615 5.4435 2.8766 18.0352 6.1446 33.2660 44.3715 -105.2871 -22.1119
54 4.4874 -17.1371 5.4435 2.8766 18.1640 6.1446 33.3142 44.3715 -105.3057 -22.1459
55 0.1906 -17.0140 5.4435 2.8766 18.2909 6.1446 33.3627 44.3715 -105.3234 -22.1803
56 0.3531 -16.8922 5.4435 2.8766 18.4157 6.1446 33.4113 44.3715 -105.3404 -22.2151
57 2.2937 -16.7722 5.4435 2.8766 18.5383 6.1446 33.4601 44.3715 -105.3565 -22.2503
58 13.1775 -16.6539 5.4435 2.8766 18.6585 6.1446 33.5091 44.3715 -105.3718 -22.2859
59 6.1361 -16.5377 5.4435 2.8766 18.7760 6.1446 33.5582 44.3715 -105.3863 -22.3218
60 1.9498 -16.4237 5.4435 2.8766 18.8908 6.1446 33.6073 44.3715 -105.4000 -22.3580
61 3.6567 -16.3120 5.4435 2.8766 19.0026 6.1446 33.6566 44.3715 -105.4129 -22.3946
62 5.7404 -16.2029 5.4435 2.8766 19.1114 6.1446 33.7058 44.3715 -105.4250 -22.4314
63 3.0312 -16.0965 5.4435 2.8766 19.2169 6.1446 33.7551 44.3715 -105.4363 -22.4685
64 13.3870 -15.9930 5.4435 2.8766 19.3190 6.1446 33.8044 44.3715 -105.4469 -22.5058
65 5.2551 -15.8925 5.4435 2.8766 19.4176 6.1446 33.8536 44.3715 -105.4566 -22.5434
66 3.2161 -15.7953 5.4435 2.8766 19.5124 6.1446 33.9028 44.3715 -105.4656 -22.5811
67 2.5312 -15.7013 5.4435 2.8766 19.6034 6.1446 33.9519 44.3715 -105.4738 -22.6191
68 7.8634 -15.6109 5.4435 2.8766 19.6905 6.1446 34.0009 44.3715 -105.4813 -22.6572
69 10.4248 -15.5241 5.4435 2.8766 19.7734 6.1446 34.0498 44.3715 -105.4880 -22.6955
70 7.5164 -15.4410 5.4435 2.8766 19.8520 6.1446 34.0985 44.3715 -105.4939 -22.7339
71 10.6855 -15.3618 5.4435 2.8766 19.9263 6.1446 34.1471 44.3715 -105.4991 -22.7724
72 4.4620 -15.2867 5.4435 2.8766 19.9961 6.1446 34.1955 44.3715 -105.5035 -22.8109
73 3.8697 -15.2157 5.4435 2.8766 20.0613 6.1446 34.2436 44.3715 -105.5072 -22.8496
74 8.2008 -15.1489 5.4435 2.8766 20.1217 6.1446 34.2916 44.3715 -105.5102 -22.8883
75 1.7385 -15.0865 5.4435 2.8766 20.1774 6.1446 34.3393 44.3715 -105.5124 -22.9270
76 8.8514 -15.0286 5.4435 2.8766 20.2281 6.1446 34.3867 44.3715 -105.5140 -22.9656
77 5.2866 -14.9751 5.4435 2.8766 20.2739 6.1446 34.4338 44.3715 -105.5148 -23.0043
78 4.9887 -14.9263 5.4435 2.8766 20.3145 6.1446 34.4807 44.3715 -105.5148 -23.0429
79 9.0333 -14.8823 5.4435 2.8766 20.3500 6.1446 34.5272 44.3715 -105.5142 -23.0815
80 1.8375 -14.8430 5.4435 2.8766 20.3802 6.1446 34.5734 44.3715 -105.5128 -23.1200
81 6.7271 -14.8085 5.4435 2.8766 20.4052 6.1446 34.6192 44.3715 -105.5108 -23.1583
82 5.9817 -14.7790 5.4435 2.8766 20.4247 6.1446 34.6647 44.3715 -105.5080 -23.1966
83 11.5400 -14.7544 5.4435 2.8766 20.4389 6.1446 34.7098 44.3715 -105.5046 -23.2347
84 7.2979 -14.7348 5.4435 2.8766 20.4476 6.1446 34.7545 44.3715 -105.5004 -23.2726
85 6.4597 -14.7202 5.4435 2.8766 20.4507 6.1446 34.7988 44.3715 -105.4956 -23.3104
86 9.3007 -14.7108 5.4435 2.8766 20.4484 6.1446 34.8426 44.3715 -105.4901 -23.3479
87 6.2636 -14.7064 5.4435 2.8766 20.4404 6.1446 34.8861 44.3715 -105.4839 -23.3852
88 1.2990 -14.7071 5.4435 2.8766 20.4269 6.1446 34.9291 44.3715 -105.4770 -23.4223
89 0.1291 -14.7130 5.4435 2.8766 20.4077 6.1446 34.9716 44.3715 -105.4695 -23.4591
90 2.7446 -14.7240 5.4435 2.8766 20.3830 6.1446 35.0136 44.3715 -105.4613 -23.4956
91 4.7003 -14.7402 5.4435 2.8766 20.3526 6.1446 35.0552 44.3715 -105.4525 -23.5317
92 6.5503 -14.7614 5.4435 2.8766 20.3167 6.1446 35.0963 44.3715 -105.4430 -23.5676
93 10.0327 -14.7877 5.4435 2.8766 20.2751 6.1446 35.1369 44.3715 -105.4328 -23.6031
94 5.8882 -14.8191 5.4435 2.8766 20.2280 6.1446 35.1769 44.3715 -105.4221 -23.6382
95 6.7542 -14.8556 5.4435 2.8766 20.1753 6.1446 35.2165 44.3715 -105.4106 -23.6730
96 6.4542 -14.8970 5.4435 2.8766 20.1172 6.1446 35.2555 44.3715 -105.3986 -23.7073
97 7.0675 -14.9434 5.4435 2.8766 20.0535 6.1446 35.2940 44.3715 -105.3859 -23.7412
98 9.6542 -14.9947 5.4435 2.8766 19.9845 6.1446 35.3319 44.3715 -105.3726 -23.7747
99 7.8852 -15.0508 5.4435 2.8766 19.9100 6.1446 35.3693 44.3715 -105.3587 -23.8076
100 9.6595 -15.1116 5.4435 2.8766 19.8303 6.1446 35.4062 44.3715 -105.3442 -23.8401
101 7.8535 -15.1772 5.4435 2.8766 19.7453 6.1446 35.4424 44.3715 -105.3291 -23.8721
102 4.1343 -15.2474 5.4435 2.8766 19.6552 6.1446 35.4782 44.3715 -105.3134 -23.9035
103 14.8528 -15.3221 5.4435 2.8766 19.5599 6.1446 35.5133 44.3715 -105.2971 -23.9344
104 3.5668 -15.4012 5.4435 2.8766 19.4597 6.1446 35.5479 44.3715 -105.2802 -23.9647
105 3.2740 -15.4846 5.4435 2.8766 19.3545 6.1446 35.5818 44.3715 -105.2628 -23.9945
106 -1.0805 -15.5723 5.4435 2.8766 19.2446 6.1446 35.6152 44.3715 -105.2448 -24.0236
107 11.4686 -15.6641 5.4435 2.8766 19.1300 6.1446 35.6480 44.3715 -105.2262 -24.0521
108 6.8083 -15.7598 5.4435 2.8766 19.0107 6.1446 35.6803 44.3715 -105.2071 -24.0799
109 6.8975 -15.8595 5.4435 2.8766 18.8870 6.1446 35.7119 44.3715 -105.1875 -24.1070
110 6.4055 -15.9628 5.4435 2.8766 18.7589 6.1446 35.7429 44.3715 -105.1673 -24.1335
111 1.3021 -16.0698 5.4435 2.8766 18.6266 6.1446 35.7733 44.3715 -105.1466 -24.1593
112 6.1461 -16.1802 5.4435 2.8766 18.4902 6.1446 35.8032 44.3715 -105.1255 -24.1843
113 10.3615 -16.2939 5.4435 2.8766 18.3499 6.1446 35.8324 44.3715 -105.1038 -24.2086
114 5.8358 -16.4108 5.4435 2.8766 18.2057 6.1446 35.8611 44.3715 -105.0816 -24.2322
115 7.5042 -16.5307 5.4435 2.8766 18.0578 6.1446 35.8891 44.3715 -105.0589 -24.2549
116 0.3349 -16.6534 5.4435 2.8766 17.9065 6.1446 35.9166 44.3715 -105.0358 -24.2769
117 4.6582 -16.7788 5.4435 2.8766 17.7518 6.1446 35.9434 44.3715 -105.0122 -24.2980
118 6.8782 -16.9067 5.4435 2.8766 17.5939 6.1446 35.9697 44.3715 -104.9882 -24.3183
119 7.5127 -17.0370 5.4435 2.8766 17.4329 6.1446 35.9953 44.3715 -104.9637 -24.3377
120 8.5949 -17.1694 5.4435 2.8766 17.2691 6.1446 36.0204 44.3715 -104.9389 -24.3563
121 6.3180 -17.3038 5.4435 2.8766 17.1026 6.1446 36.0449 44.3715 -104.9136 -24.3740
122 6.6808 -17.4400 5.4435 2.8766 16.9336 6.1446 36.0688 44.3715 -104.8879 -24.3908
123 2.8084 -17.5778 5.4435 2.8766 16.7623 6.1446 36.0921 44.3715 -104.8618 -24.4066
124 -0.7467 -17.7170 5.4435 2.8766 16.5888 6.1446 36.1149 44.3715 -104.8354 -24.4215
125 2.7440 -17.8574 5.4435 2.8766 16.4134 6.1446 36.1370 44.3715 -104.8086 -24.4355
126 2.8692 -17.9989 5.4435 2.8766 16.2361 6.1446 36.1586 44.3715 -104.7815 -24.4484
127 7.1789 -18.1412 5.4435 2.8766 16.0573 6.1446 36.1796 44.3715 -104.7540 -24.4604
128 5.4364 -18.2842 5.4435 2.8766 15.8771 6.1446 36.2001 44.3715 -104.7263 -24.4714
129 5.8534 -18.4276 5.4435 2.8766 15.6957 6.1446 36.2200 44.3715 -104.6982 -24.4813
130 2.1735 -18.5712 5.4435 2.8766 15.5133 6.1446 36.2393 44.3715 -104.6699 -24.4902
131 7.7128 -18.7148 5.4435 2.8766 15.3301 6.1446 36.2581 44.3715 -104.6413 -24.4980
132 3.8384 -18.8583 5.4435 2.8766 15.1463 6.1446 36.2764 44.3715 -104.6124 -24.5048
133 6.8137 -19.0014 5.4435 2.8766 14.9621 6.1446 36.2941 44.3715 -104.5834 -24.5105
134 8.8033 -19.1439 5.4435 2.8766 14.7777 6.1446 36.3113 44.3715 -104.5541 -24.5151
135 6.9782 -19.2857 5.4435 2.8766 14.5933 6.1446 36.3280 44.3715 -104.5246 -24.5186
136 -0.7175 -19.4264 5.4435 2.8766 14.4091 6.1446 36.3441 44.3715 -104.4950 -24.5210
137 8.8190 -19.5660 5.4435 2.8766 14.2254 6.1446 36.3598 44.3715 -104.4652 -24.5222
138 2.3893 -19.7043 5.4435 2.8766 14.0422 6.1446 36.3749 44.3715 -104.4352 -24.5223
139 4.1733 -19.8409 5.4435 2.8766 13.8598 6.1446 36.3895 44.3715 -104.4051 -24.5213
140 0.0707 -19.9757 5.4435 2.8766 13.6785 6.1446 36.4037 44.3715 -104.3750 -24.5192
141 0.8192 -20.1086 5.4435 2.8766 13.4984 6.1446 36.4174 44.3715 -104.3447 -24.5158
142 -4.2005 -20.2393 5.4435 2.8766 13.3197 6.1446 36.4306 44.3715 -104.3144 -24.5113
143 2.1262 -20.3676 5.4435 2.8766 13.1426 6.1446 36.4433 44.3715 -104.2840 -24.5057
144 -4.4173 -20.4933 5.4435 2.8766 12.9673 6.1446 36.4556 44.3715 -104.2536 -24.4988
145 0.8381 -20.6163 5.4435 2.8766 12.7940 6.1446 36.4674 44.3715 -104.2231 -24.4908
146 3.2851 -20.7363 5.4435 2.8766 12.6230 6.1446 36.4787 44.3715 -104.1927 -24.4815
147 2.3729 -20.8531 5.4435 2.8766 12.4543 6.1446 36.4897 44.3715 -104.1623 -24.4710
148 3.6582 -20.9667 5.4435 2.8766 12.2882 6.1446 36.5002 44.3715 -104.1320 -24.4593
149 -0.0720 -21.0767 5.4435 2.8766 12.1248 6.1446 36.5103 44.3715 -104.1017 -24.4464
150 1.9012 -21.1830 5.4435 2.8766 11.9644 6.1446 36.5200 44.3715 -104.0714 -24.4322
151 1.4900 -21.2855 5.4435 2.8766 11.8072 6.1446 36.5292 44.3715 -104.0413 -24.4168
152 -4.7373 -21.3839 5.4435 2.8766 11.6532 6.1446 36.5381 44.3715 -104.0113 -24.4001
153 -0.8288 -21.4781 5.4435 2.8766 11.5027 6.1446 36.5466 44.3715 -103.9815 -24.3822
154 -3.3757 -21.5678 5.4435 2.8766 11.3559 6.1446 36.5547 44.3715 -103.9517 -24.3630
155 -0.2084 -21.6530 5.4435 2.8766 11.2129 6.1446 36.5625 44.3715 -103.9222 -24.3424
156 -1.5868 -21.7335 5.4435 2.8766 11.0738 6.1446 36.5698 44.3715 -103.8928 -24.3206
157 -2.9925 -21.8091 5.4435 2.8766 10.9389 6.1446 36.5769 44.3715 -103.8637 -24.2974
158 -2.9489 -21.8796 5.4435 2.8766 10.8083 6.1446 36.5835 44.3715 -103.8347 -24.2728
159 -1.1819 -21.9448 5.4435 2.8766 10.6820 6.1446 36.5899 44.3715 -103.8060 -24.2469
160 -5.9635 -22.0047 5.4435 2.8766 10.5604 6.1446 36.5959 44.3715 -103.7776 -24.2196
161 -1.3961 -22.0591 5.4435 2.8766 10.4434 6.1446 36.6015 44.3715 -103.7494 -24.1909
162 -2.2381 -22.1078 5.4435 2.8766 10.3313 6.1446 36.6069 44.3715 -103.7215 -24.1607
163 8.2128 -22.1506 5.4435 2.8766 10.2242 6.1446 36.6119 44.3715 -103.6939 -24.1290
164 0.5856 -22.1875 5.4435 2.8766 10.1221 6.1446 36.6166 44.3715 -103.6666 -24.0958
165 -0.3966 -22.2182 5.4435 2.8766 10.0252 6.1446 36.6210 44.3715 -103.6396 -24.0611
166 4.0618 -22.2427 5.4435 2.8766 9.9337 6.1446 36.6251 44.3715 -103.6130 -24.0247
167 2.3999 -22.2608 5.4435 2.8766 9.8475 6.1446 36.6289 44.3715 -103.5868 -23.9867
168 -0.6532 -22.2724 5.4435 2.8766 9.7669 6.1446 36.6325 44.3715 -103.5609 -23.9470
169 -0.1186 -22.2772 5.4435 2.8766 9.6919 6.1446 36.6357 44.3715 -103.5354 -23.9056
170 -0.2376 -22.2750 5.4435 2.8766 9.6225 6.1446 36.6387 44.3715 -103.5103 -23.8621
171 -2.9834 -22.2656 5.4435 2.8766 9.5589 6.1446 36.6414 44.3715 -103.4856 -23.8165
172 2.4631 -22.2488 5.4435 2.8766 9.5012 6.1446 36.6438 44.3715 -103.4614 -23.7687
173 -1.3772 -22.2246 5.4435 2.8766 9.4493 6.1446 36.6460 44.3715 -103.4376 -23.7185
174 0.9458 -22.1927 5.4435 2.8766 9.4034 6.1446 36.6479 44.3715 -103.4143 -23.6660
175 4.1104 -22.1530 5.4435 2.8766 9.3636 6.1446 36.6495 44.3715 -103.3914 -23.6109
176 1.2547 -22.1054 5.4435 2.8766 9.3298 6.1446 36.6509 44.3715 -103.3691 -23.5532
177 6.4086 -22.0496 5.4435 2.8766 9.3020 6.1446 36.6521 44.3715 -103.3472 -23.4927
178 -3.4335 -21.9857 5.4435 2.8766 9.2804 6.1446 36.6529 44.3715 -103.3259 -23.4294
179 -2.1058 -21.9144 5.4435 2.8766 9.2650 6.1446 36.6536 44.3715 -103.3050 -23.3642
180 1.6963 -21.8361 5.4435 2.8766 9.2557 6.1446 36.6539 44.3715 -103.2848 -23.2973
