-180 2.8766
-179 2.8766
-178 2.8766
-177 2.8766
-176 2.8766
-175 2.8766
-174 2.8766
-173 2.8766
-172 2.8766
-171 2.8766
-170 2.8766
-169 2.8766
-168 2.8766
-167 2.8766
-166 2.8766
-165 2.8766
-164 2.8766
-163 2.8766
-162 2.8766
-161 2.8766
-160 2.8766
-159 2.8766
-158 2.8766
-157 2.8766
-156 2.8766
-155 2.8766
-154 2.8766
-153 2.8766
-152 2.8766
-151 2.8766
-150 2.8766
-149 2.8766
-148 2.8766
-147 2.8766
-146 2.8766
-145 2.8766
-144 2.8766
-143 2.8766
-142 2.8766
-141 2.8766
-140 2.8766
-139 2.8766
-138 2.8766
-137 2.8766
-136 2.8766
-135 2.8766
-134 2.8766
-133 2.8766
-132 2.8766
-131 2.8766
-130 2.8766
-129 2.8766
-128 2.8766
-127 2.8766
-126 2.8766
-125 2.8766
-124 2.8766
-123 2.8766
-122 2.8766
-121 2.8766
-120 2.8766
-119 2.8766
-118 2.8766
-117 2.8766
-116 2.8766
-115 2.8766
-114 2.8766
-113 2.8766
-112 2.8766
-111 2.8766
-110 2.8766
-109 2.8766
-108 2.8766
-107 2.8766
-106 2.8766
-105 2.8766
-104 2.8766
-103 2.8766
-102 2.8766
-101 2.8766
-100 2.8766
-99 2.8766
-98 2.8766
-97 2.8766
-96 2.8766
-95 2.8766
-94 2.8766
-93 2.8766
-92 2.8766
-91 2.8766
-90 2.8766
-89 2.8766
-88 2.8766
-87 2.8766
-86 2.8766
-85 2.8766
-84 2.8766
-83 2.8766
-82 2.8766
-81 2.8766
-80 2.8766
-79 2.8766
-78 2.8766
-77 2.8766
-76 2.8766
-75 2.8766
-74 2.8766
-73 2.8766
-72 2.8766
-71 2.8766
-70 2.8766
-69 2.8766
-68 2.8766
-67 2.8766
-66 2.8766
-65 2.8766
-64 2.8766
-63 2.8766
-62 2.8766
-61 2.8766
-60 2.8766
-59 2.8766
-58 2.8766
-57 2.8766
-56 2.8766
-55 2.8766
-54 2.8766
-53 2.8766
-52 2.8766
-51 2.8766
-50 2.8766
-49 2.8766
-48 2.8766
-47 2.8766
-46 2.8766
-45 2.8766
-44 2.8766
-43 2.8766
-42 2.8766
-41 2.8766
-40 2.8766
-39 2.8766
-38 2.8766
-37 2.8766
-36 2.8766
-35 2.8766
-34 2.8766
-33 2.8766
-32 2.8766
-31 2.8766
-30 2.8766
-29 2.8766
-28 2.8766
-27 2.8766
-26 2.8766
-25 2.8766
-24 2.8766
-23 2.8766
-22 2.8766
-21 2.8766
-20 2.8766
-19 2.8766
-18 2.8766
-17 2.8766
-16 2.8766
-15 2.8766
-14 2.8766
-13 2.8766
-12 2.8766
-11 2.8766
-10 2.8766
-9 2.8766
-8 2.8766
-7 2.8766
-6 2.8766
-5 2.8766
-4 2.8766
-3 2.8766
-2 2.8766
-1 2.8766
0 2.8766
1 2.8766
2 2.8766
3 2.8766
4 2.8766
5 2.8766
6 2.8766
7 2.8766
8 2.8766
9 2.8766
10 2.8766
11 2.8766
12 2.8766
13 2.8766
14 2.8766
15 2.8766
16 2.8766
17 2.8766
18 2.8766
19 2.8766
20 2.8766
21 2.8766
22 2.8766
23 2.8766
24 2.8766
25 2.8766
26 2.8766
27 2.8766
28 2.8766
29 2.8766
30 2.8766
31 2.8766
32 2.8766
33 2.8766
34 2.8766
35 2.8766
36 2.8766
37 2.8766
38 2.8766
39 2.8766
40 2.8766
41 2.8766
42 2.8766
43 2.8766
44 2.8766
45 2.8766
46 2.8766
47 2.8766
48 2.8766
49 2.8766
50 2.8766
51 2.8766
52 2.8766
53 2.8766
54 2.8766
55 2.8766
56 2.8766
57 2.8766
58 2.8766
59 2.8766
60 2.8766
61 2.8766
62 2.8766
63 2.8766
64 2.8766
65 2.8766
66 2.8766
67 2.8766
68 2.8766
69 2.8766
70 2.8766
71 2.8766
72 2.8766
73 2.8766
74 2.8766
75 2.8766
76 2.8766
77 2.8766
78 2.8766
79 2.8766
80 2.8766
81 2.8766
82 2.8766
83 2.8766
84 2.8766
85 2.8766
86 2.8766
87 2.8766
88 2.8766
89 2.8766
90 2.8766
91 2.8766
92 2.8766
93 2.8766
94 2.8766
95 2.8766
96 2.8766
97 2.8766
98 2.8766
99 2.8766
100 2.8766
101 2.8766
102 2.8766
103 2.8766
104 2.8766
105 2.8766
106 2.8766
107 2.8766
108 2.8766
109 2.8766
110 2.8766
111 2.8766
112 2.8766
113 2.8766
114 2.8766
115 2.8766
116 2.8766
117 2.8766
118 2.8766
119 2.8766
120 2.8766
121 2.8766
122 2.8766
123 2.8766
124 2.8766
125 2.8766
126 2.8766
127 2.8766
128 2.8766
129 2.8766
130 2.8766
131 2.8766
132 2.8766
133 2.8766
134 2.8766
135 2.8766
136 2.8766
137 2.8766
138 2.8766
139 2.8766
140 2.8766
141 2.8766
142 2.8766
143 2.8766
144 2.8766
145 2.8766
146 2.8766
147 2.8766
148 2.8766
149 2.8766
150 2.8766
151 2.8766
152 2.8766
153 2.8766
154 2.8766
155 2.8766
156 2.8766
157 2.8766
158 2.8766
159 2.8766
160 2.8766
161 2.8766
162 2.8766
163 2.8766
164 2.8766
165 2.8766
166 2.8766
167 2.8766
168 2.8766
169 2.8766
170 2.8766
171 2.8766
172 2.8766
173 2.8766
174 2.8766
175 2.8766
176 2.8766
177 2.8766
178 2.8766
179 2.8766
180 2.8766
181 2.8766
