-180 5.4435
-179 5.4435
-178 5.4435
-177 5.4435
-176 5.4435
-175 5.4435
-174 5.4435
-173 5.4435
-172 5.4435
-171 5.4435
-170 5.4435
-169 5.4435
-168 5.4435
-167 5.4435
-166 5.4435
-165 5.4435
-164 5.4435
-163 5.4435
-162 5.4435
-161 5.4435
-160 5.4435
-159 5.4435
-158 5.4435
-157 5.4435
-156 5.4435
-155 5.4435
-154 5.4435
-153 5.4435
-152 5.4435
-151 5.4435
-150 5.4435
-149 5.4435
-148 5.4435
-147 5.4435
-146 5.4435
-145 5.4435
-144 5.4435
-143 5.4435
-142 5.4435
-141 5.4435
-140 5.4435
-139 5.4435
-138 5.4435
-137 5.4435
-136 5.4435
-135 5.4435
-134 5.4435
-133 5.4435
-132 5.4435
-131 5.4435
-130 5.4435
-129 5.4435
-128 5.4435
-127 5.4435
-126 5.4435
-125 5.4435
-124 5.4435
-123 5.4435
-122 5.4435
-121 5.4435
-120 5.4435
-119 5.4435
-118 5.4435
-117 5.4435
-116 5.4435
-115 5.4435
-114 5.4435
-113 5.4435
-112 5.4435
-111 5.4435
-110 5.4435
-109 5.4435
-108 5.4435
-107 5.4435
-106 5.4435
-105 5.4435
-104 5.4435
-103 5.4435
-102 5.4435
-101 5.4435
-100 5.4435
-99 5.4435
-98 5.4435
-97 5.4435
-96 5.4435
-95 5.4435
-94 5.4435
-93 5.4435
-92 5.4435
-91 5.4435
-90 5.4435
-89 5.4435
-88 5.4435
-87 5.4435
-86 5.4435
-85 5.4435
-84 5.4435
-83 5.4435
-82 5.4435
-81 5.4435
-80 5.4435
-79 5.4435
-78 5.4435
-77 5.4435
-76 5.4435
-75 5.4435
-74 5.4435
-73 5.4435
-72 5.4435
-71 5.4435
-70 5.4435
-69 5.4435
-68 5.4435
-67 5.4435
-66 5.4435
-65 5.4435
-64 5.4435
-63 5.4435
-62 5.4435
-61 5.4435
-60 5.4435
-59 5.4435
-58 5.4435
-57 5.4435
-56 5.4435
-55 5.4435
-54 5.4435
-53 5.4435
-52 5.4435
-51 5.4435
-50 5.4435
-49 5.4435
-48 5.4435
-47 5.4435
-46 5.4435
-45 5.4435
-44 5.4435
-43 5.4435
-42 5.4435
-41 5.4435
-40 5.4435
-39 5.4435
-38 5.4435
-37 5.4435
-36 5.4435
-35 5.4435
-34 5.4435
-33 5.4435
-32 5.4435
-31 5.4435
-30 5.4435
-29 5.4435
-28 5.4435
-27 5.4435
-26 5.4435
-25 5.4435
-24 5.4435
-23 5.4435
-22 5.4435
-21 5.4435
-20 5.4435
-19 5.4435
-18 5.4435
-17 5.4435
-16 5.4435
-15 5.4435
-14 5.4435
-13 5.4435
-12 5.4435
-11 5.4435
-10 5.4435
-9 5.4435
-8 5.4435
-7 5.4435
-6 5.4435
-5 5.4435
-4 5.4435
-3 5.4435
-2 5.4435
-1 5.4435
0 5.4435
1 5.4435
2 5.4435
3 5.4435
4 5.4435
5 5.4435
6 5.4435
7 5.4435
8 5.4435
9 5.4435
10 5.4435
11 5.4435
12 5.4435
13 5.4435
14 5.4435
15 5.4435
16 5.4435
17 5.4435
18 5.4435
19 5.4435
20 5.4435
21 5.4435
22 5.4435
23 5.4435
24 5.4435
25 5.4435
26 5.4435
27 5.4435
28 5.4435
29 5.4435
30 5.4435
31 5.4435
32 5.4435
33 5.4435
34 5.4435
35 5.4435
36 5.4435
37 5.4435
38 5.4435
39 5.4435
40 5.4435
41 5.4435
42 5.4435
43 5.4435
44 5.4435
45 5.4435
46 5.4435
47 5.4435
48 5.4435
49 5.4435
50 5.4435
51 5.4435
52 5.4435
53 5.4435
54 5.4435
55 5.4435
56 5.4435
57 5.4435
58 5.4435
59 5.4435
60 5.4435
61 5.4435
62 5.4435
63 5.4435
64 5.4435
65 5.4435
66 5.4435
67 5.4435
68 5.4435
69 5.4435
70 5.4435
71 5.4435
72 5.4435
73 5.4435
74 5.4435
75 5.4435
76 5.4435
77 5.4435
78 5.4435
79 5.4435
80 5.4435
81 5.4435
82 5.4435
83 5.4435
84 5.4435
85 5.4435
86 5.4435
87 5.4435
88 5.4435
89 5.4435
90 5.4435
91 5.4435
92 5.4435
93 5.4435
94 5.4435
95 5.4435
96 5.4435
97 5.4435
98 5.4435
99 5.4435
100 5.4435
101 5.4435
102 5.4435
103 5.4435
104 5.4435
105 5.4435
106 5.4435
107 5.4435
108 5.4435
109 5.4435
110 5.4435
111 5.4435
112 5.4435
113 5.4435
114 5.4435
115 5.4435
116 5.4435
117 5.4435
118 5.4435
119 5.4435
120 5.4435
121 5.4435
122 5.4435
123 5.4435
124 5.4435
125 5.4435
126 5.4435
127 5.4435
128 5.4435
129 5.4435
130 5.4435
131 5.4435
132 5.4435
133 5.4435
134 5.4435
135 5.4435
136 5.4435
137 5.4435
138 5.4435
139 5.4435
140 5.4435
141 5.4435
142 5.4435
143 5.4435
144 5.4435
145 5.4435
146 5.4435
147 5.4435
148 5.4435
149 5.4435
150 5.4435
151 5.4435
152 5.4435
153 5.4435
154 5.4435
155 5.4435
156 5.4435
157 5.4435
158 5.4435
159 5.4435
160 5.4435
161 5.4435
162 5.4435
163 5.4435
164 5.4435
165 5.4435
166 5.4435
167 5.4435
168 5.4435
169 5.4435
170 5.4435
171 5.4435
172 5.4435
173 5.4435
174 5.4435
175 5.4435
176 5.4435
177 5.4435
178 5.4435
179 5.4435
180 5.4435
181 5.4435
