-180 -103.2651
-179 -103.2651
-178 -103.2459
-177 -103.2274
-176 -103.2094
-175 -103.1921
-174 -103.1754
-173 -103.1594
-172 -103.1440
-171 -103.1292
-170 -103.1152
-169 -103.1018
-168 -103.0892
-167 -103.0773
-166 -103.0660
-165 -103.0555
-164 -103.0458
-163 -103.0367
-162 -103.0284
-161 -103.0207
-160 -103.0138
-159 -103.0076
-158 -103.0020
-157 -102.9971
-156 -102.9927
-155 -102.9889
-154 -102.9857
-153 -102.9829
-152 -102.9805
-151 -102.9785
-150 -102.9767
-149 -102.9751
-148 -102.9735
-147 -102.9719
-146 -102.9702
-145 -102.9681
-144 -102.9656
-143 -102.9625
-142 -102.9587
-141 -102.9538
-140 -102.9479
-139 -102.9405
-138 -102.9316
-137 -102.9209
-136 -102.9082
-135 -102.8932
-134 -102.8756
-133 -102.8552
-132 -102.8317
-131 -102.8048
-130 -102.7743
-129 -102.7399
-128 -102.7013
-127 -102.6582
-126 -102.6104
-125 -102.5575
-124 -102.4995
-123 -102.4359
-122 -102.3667
-121 -102.2915
-120 -102.2104
-119 -102.1230
-118 -102.0294
-117 -101.9293
-116 -101.8229
-115 -101.7100
-114 -101.5908
-113 -101.4652
-112 -101.3335
-111 -101.1958
-110 -101.0523
-109 -100.9032
-108 -100.7489
-107 -100.5898
-106 -100.4262
-105 -100.2585
-104 -100.0874
-103 -99.9132
-102 -99.7365
-101 -99.5579
-100 -99.3780
-99 -99.1975
-98 -99.0171
-97 -98.8372
-96 -98.6587
-95 -98.4822
-94 -98.3084
-93 -98.1379
-92 -97.9714
-91 -97.8095
-90 -97.6527
-89 -97.5017
-88 -97.3570
-87 -97.2191
-86 -97.0884
-85 -96.9653
-84 -96.8503
-83 -96.7437
-82 -96.6456
-81 -96.5563
-80 -96.4761
-79 -96.4050
-78 -96.3431
-77 -96.2905
-76 -96.2470
-75 -96.2127
-74 -96.1875
-73 -96.1713
-72 -96.1638
-71 -96.1648
-70 -96.1743
-69 -96.1918
-68 -96.2171
-67 -96.2500
-66 -96.2900
-65 -96.3370
-64 -96.3906
-63 -96.4504
-62 -96.5161
-61 -96.5874
-60 -96.6639
-59 -96.7453
-58 -96.8313
-57 -96.9214
-56 -97.0155
-55 -97.1131
-54 -97.2140
-53 -97.3179
-52 -97.4245
-51 -97.5335
-50 -97.6446
-49 -97.7576
-48 -97.8723
-47 -97.9885
-46 -98.1058
-45 -98.2241
-44 -98.3433
-43 -98.4631
-42 -98.5833
-41 -98.7038
-40 -98.8245
-39 -98.9452
-38 -99.0657
-37 -99.1859
-36 -99.3058
-35 -99.4253
-34 -99.5441
-33 -99.6623
-32 -99.7797
-31 -99.8963
-30 -100.0120
-29 -100.1267
-28 -100.2405
-27 -100.3531
-26 -100.4647
-25 -100.5751
-24 -100.6842
-23 -100.7922
-22 -100.8989
-21 -101.0043
-20 -101.1084
-19 -101.2111
-18 -101.3125
-17 -101.4126
-16 -101.5112
-15 -101.6085
-14 -101.7044
-13 -101.7989
-12 -101.8919
-11 -101.9836
-10 -102.0739
-9 -102.1627
-8 -102.2502
-7 -102.3362
-6 -102.4209
-5 -102.5041
-4 -102.5860
-3 -102.6665
-2 -102.7456
-1 -102.8234
0 -102.8998
1 -102.9748
2 -103.0485
3 -103.1209
4 -103.1919
5 -103.2617
6 -103.3302
7 -103.3973
8 -103.4632
9 -103.5279
10 -103.5912
11 -103.6534
12 -103.7143
13 -103.7740
14 -103.8325
15 -103.8898
16 -103.9459
17 -104.0008
18 -104.0546
19 -104.1073
20 -104.1588
21 -104.2092
22 -104.2584
23 -104.3066
24 -104.3537
25 -104.3996
26 -104.4446
27 -104.4884
28 -104.5312
29 -104.5730
30 -104.6137
31 -104.6534
32 -104.6922
33 -104.7299
34 -104.7666
35 -104.8023
36 -104.8371
37 -104.8709
38 -104.9037
39 -104.9356
40 -104.9666
41 -104.9966
42 -105.0257
43 -105.0539
44 -105.0812
45 -105.1075
46 -105.1330
47 -105.1576
48 -105.1814
49 -105.2042
50 -105.2262
51 -105.2473
52 -105.2676
53 -105.2871
54 -105.3057
55 -105.3234
56 -105.3404
57 -105.3565
58 -105.3718
59 -105.3863
60 -105.4000
61 -105.4129
62 -105.4250
63 -105.4363
64 -105.4469
65 -105.4566
66 -105.4656
67 -105.4738
68 -105.4813
69 -105.4880
70 -105.4939
71 -105.4991
72 -105.5035
73 -105.5072
74 -105.5102
75 -105.5124
76 -105.5140
77 -105.5148
78 -105.5148
79 -105.5142
80 -105.5128
81 -105.5108
82 -105.5080
83 -105.5046
84 -105.5004
85 -105.4956
86 -105.4901
87 -105.4839
88 -105.4770
89 -105.4695
90 -105.4613
91 -105.4525
92 -105.4430
93 -105.4328
94 -105.4221
95 -105.4106
96 -105.3986
97 -105.3859
98 -105.3726
99 -105.3587
100 -105.3442
101 -105.3291
102 -105.3134
103 -105.2971
104 -105.2802
105 -105.2628
106 -105.2448
107 -105.2262
108 -105.2071
109 -105.1875
110 -105.1673
111 -105.1466
112 -105.1255
113 -105.1038
114 -105.0816
115 -105.0589
116 -105.0358
117 -105.0122
118 -104.9882
119 -104.9637
120 -104.9389
121 -104.9136
122 -104.8879
123 -104.8618
124 -104.8354
125 -104.8086
126 -104.7815
127 -104.7540
128 -104.7263
129 -104.6982
130 -104.6699
131 -104.6413
132 -104.6124
133 -104.5834
134 -104.5541
135 -104.5246
136 -104.4950
137 -104.4652
138 -104.4352
139 -104.4051
140 -104.3750
141 -104.3447
142 -104.3144
143 -104.2840
144 -104.2536
145 -104.2231
146 -104.1927
147 -104.1623
148 -104.1320
149 -104.1017
150 -104.0714
151 -104.0413
152 -104.0113
153 -103.9815
154 -103.9517
155 -103.9222
156 -103.8928
157 -103.8637
158 -103.8347
159 -103.8060
160 -103.7776
161 -103.7494
162 -103.7215
163 -103.6939
164 -103.6666
165 -103.6396
166 -103.6130
167 -103.5868
168 -103.5609
169 -103.5354
170 -103.5103
171 -103.4856
172 -103.4614
173 -103.4376
174 -103.4143
175 -103.3914
176 -103.3691
177 -103.3472
178 -103.3259
179 -103.3050
180 -103.2848
181 -103.2651
