-180 -23.2286
-179 -23.2286
-178 -23.1580
-177 -23.0857
-176 -23.0123
-175 -22.9381
-174 -22.8633
-173 -22.7880
-172 -22.7122
-171 -22.6359
-170 -22.5592
-169 -22.4822
-168 -22.4048
-167 -22.3271
-166 -22.2492
-165 -22.1711
-164 -22.0929
-163 -22.0145
-162 -21.9361
-161 -21.8577
-160 -21.7793
-159 -21.7011
-158 -21.6230
-157 -21.5452
-156 -21.4677
-155 -21.3905
-154 -21.3138
-153 -21.2375
-152 -21.1619
-151 -21.0868
-150 -21.0124
-149 -20.9388
-148 -20.8660
-147 -20.7942
-146 -20.7233
-145 -20.6534
-144 -20.5847
-143 -20.5172
-142 -20.4509
-141 -20.3859
-140 -20.3223
-139 -20.2603
-138 -20.1998
-137 -20.1409
-136 -20.0837
-135 -20.0281
-134 -19.9743
-133 -19.9222
-132 -19.8719
-131 -19.8235
-130 -19.7770
-129 -19.7325
-128 -19.6904
-127 -19.6507
-126 -19.6135
-125 -19.5787
-124 -19.5463
-123 -19.5163
-122 -19.4888
-121 -19.4637
-120 -19.4412
-119 -19.4213
-118 -19.4039
-117 -19.3889
-116 -19.3762
-115 -19.3659
-114 -19.3579
-113 -19.3522
-112 -19.3486
-111 -19.3471
-110 -19.3477
-109 -19.3503
-108 -19.3548
-107 -19.3612
-106 -19.3695
-105 -19.3795
-104 -19.3913
-103 -19.4047
-102 -19.4197
-101 -19.4362
-100 -19.4543
-99 -19.4737
-98 -19.4945
-97 -19.5165
-96 -19.5398
-95 -19.5643
-94 -19.5899
-93 -19.6166
-92 -19.6443
-91 -19.6730
-90 -19.7025
-89 -19.7329
-88 -19.7641
-87 -19.7961
-86 -19.8288
-85 -19.8620
-84 -19.8958
-83 -19.9300
-82 -19.9646
-81 -19.9996
-80 -20.0349
-79 -20.0706
-78 -20.1065
-77 -20.1428
-76 -20.1792
-75 -20.2156
-74 -20.2518
-73 -20.2874
-72 -20.3225
-71 -20.3569
-70 -20.3905
-69 -20.4234
-68 -20.4556
-67 -20.4869
-66 -20.5173
-65 -20.5469
-64 -20.5756
-63 -20.6034
-62 -20.6303
-61 -20.6563
-60 -20.6814
-59 -20.7055
-58 -20.7288
-57 -20.7511
-56 -20.7726
-55 -20.7932
-54 -20.8129
-53 -20.8318
-52 -20.8499
-51 -20.8672
-50 -20.8837
-49 -20.8995
-48 -20.9146
-47 -20.9290
-46 -20.9427
-45 -20.9558
-44 -20.9683
-43 -20.9802
-42 -20.9915
-41 -21.0024
-40 -21.0128
-39 -21.0227
-38 -21.0323
-37 -21.0414
-36 -21.0503
-35 -21.0587
-34 -21.0670
-33 -21.0749
-32 -21.0818
-31 -21.0875
-30 -21.0920
-29 -21.0955
-28 -21.0980
-27 -21.0997
-26 -21.1006
-25 -21.1008
-24 -21.1005
-23 -21.0998
-22 -21.0989
-21 -21.0978
-20 -21.0965
-19 -21.0953
-18 -21.0940
-17 -21.0927
-16 -21.0916
-15 -21.0905
-14 -21.0897
-13 -21.0890
-12 -21.0887
-11 -21.0886
-10 -21.0888
-9 -21.0894
-8 -21.0904
-7 -21.0918
-6 -21.0938
-5 -21.0962
-4 -21.0991
-3 -21.1026
-2 -21.1066
-1 -21.1113
0 -21.1166
1 -21.1225
2 -21.1292
3 -21.1365
4 -21.1445
5 -21.1532
6 -21.1627
7 -21.1724
8 -21.1822
9 -21.1920
10 -21.2018
11 -21.2118
12 -21.2219
13 -21.2323
14 -21.2430
15 -21.2540
16 -21.2654
17 -21.2773
18 -21.2896
19 -21.3024
20 -21.3157
21 -21.3296
22 -21.3441
23 -21.3591
24 -21.3748
25 -21.3912
26 -21.4082
27 -21.4258
28 -21.4441
29 -21.4631
30 -21.4827
31 -21.5031
32 -21.5241
33 -21.5458
34 -21.5682
35 -21.5912
36 -21.6149
37 -21.6393
38 -21.6644
39 -21.6901
40 -21.7164
41 -21.7434
42 -21.7710
43 -21.7992
44 -21.8280
45 -21.8574
46 -21.8874
47 -21.9179
48 -21.9490
49 -21.9806
50 -22.0127
51 -22.0453
52 -22.0784
53 -22.1119
54 -22.1459
55 -22.1803
56 -22.2151
57 -22.2503
58 -22.2859
59 -22.3218
60 -22.3580
61 -22.3946
62 -22.4314
63 -22.4685
64 -22.5058
65 -22.5434
66 -22.5811
67 -22.6191
68 -22.6572
69 -22.6955
70 -22.7339
71 -22.7724
72 -22.8109
73 -22.8496
74 -22.8883
75 -22.9270
76 -22.9656
77 -23.0043
78 -23.0429
79 -23.0815
80 -23.1200
81 -23.1583
82 -23.1966
83 -23.2347
84 -23.2726
85 -23.3104
86 -23.3479
87 -23.3852
88 -23.4223
89 -23.4591
90 -23.4956
91 -23.5317
92 -23.5676
93 -23.6031
94 -23.6382
95 -23.6730
96 -23.7073
97 -23.7412
98 -23.7747
99 -23.8076
100 -23.8401
101 -23.8721
102 -23.9035
103 -23.9344
104 -23.9647
105 -23.9945
106 -24.0236
107 -24.0521
108 -24.0799
109 -24.1070
110 -24.1335
111 -24.1593
112 -24.1843
113 -24.2086
114 -24.2322
115 -24.2549
116 -24.2769
117 -24.2980
118 -24.3183
119 -24.3377
120 -24.3563
121 -24.3740
122 -24.3908
123 -24.4066
124 -24.4215
125 -24.4355
126 -24.4484
127 -24.4604
128 -24.4714
129 -24.4813
130 -24.4902
131 -24.4980
132 -24.5048
133 -24.5105
134 -24.5151
135 -24.5186
136 -24.5210
137 -24.5222
138 -24.5223
139 -24.5213
140 -24.5192
141 -24.5158
142 -24.5113
143 -24.5057
144 -24.4988
145 -24.4908
146 -24.4815
147 -24.4710
148 -24.4593
149 -24.4464
150 -24.4322
151 -24.4168
152 -24.4001
153 -24.3822
154 -24.3630
155 -24.3424
156 -24.3206
157 -24.2974
158 -24.2728
159 -24.2469
160 -24.2196
161 -24.1909
162 -24.1607
163 -24.1290
164 -24.0958
165 -24.0611
166 -24.0247
167 -23.9867
168 -23.9470
169 -23.9056
170 -23.8621
171 -23.8165
172 -23.7687
173 -23.7185
174 -23.6660
175 -23.6109
176 -23.5532
177 -23.4927
178 -23.4294
179 -23.3642
180 -23.2973
181 -23.2286
