-180 0.0
-179 0.0
-178 0.0927
-177 0.1924
-176 0.2986
-175 0.4108
-174 0.5289
-173 0.6527
-172 0.7821
-171 0.9171
-170 1.0575
-169 1.2032
-168 1.3541
-167 1.5101
-166 1.671
-165 1.8367
-164 2.0071
-163 2.1819
-162 2.3611
-161 2.5445
-160 2.7319
-159 2.9232
-158 3.1181
-157 3.3165
-156 3.5183
-155 3.7232
-154 3.9311
-153 4.1418
-152 4.3552
-151 4.571
-150 4.7892
-149 5.0095
-148 5.2318
-147 5.4559
-146 5.6818
-145 5.9093
-144 6.1383
-143 6.3686
-142 6.6003
-141 6.8331
-140 7.0669
-139 7.3018
-138 7.5377
-137 7.7744
-136 8.0122
-135 8.2508
-134 8.4904
-133 8.7309
-132 8.9724
-131 9.2149
-130 9.4584
-129 9.7028
-128 9.9479
-127 10.1937
-126 10.4403
-125 10.6877
-124 10.9359
-123 11.1851
-122 11.4351
-121 11.6861
-120 11.9378
-119 12.1901
-118 12.4432
-117 12.697
-116 12.9513
-115 13.2061
-114 13.4613
-113 13.7165
-112 13.9716
-111 14.2263
-110 14.4804
-109 14.7334
-108 14.985
-107 15.2348
-106 15.4822
-105 15.7268
-104 15.9681
-103 16.2055
-102 16.4383
-101 16.666
-100 16.8879
-99 17.1034
-98 17.3119
-97 17.5125
-96 17.7047
-95 17.8879
-94 18.0612
-93 18.2242
-92 18.3762
-91 18.5165
-90 18.6447
-89 18.7602
-88 18.8625
-87 18.9511
-86 19.0257
-85 19.086
-84 19.1318
-83 19.1628
-82 19.1788
-81 19.1797
-80 19.1653
-79 19.1357
-78 19.0909
-77 19.0309
-76 18.9559
-75 18.8663
-74 18.7624
-73 18.6449
-72 18.514
-71 18.3701
-70 18.2137
-69 18.0451
-68 17.8648
-67 17.6733
-66 17.471
-65 17.2584
-64 17.036
-63 16.8043
-62 16.5639
-61 16.3153
-60 16.0589
-59 15.7953
-58 15.525
-57 15.2485
-56 14.9664
-55 14.6791
-54 14.387
-53 14.0908
-52 13.7908
-51 13.4875
-50 13.1814
-49 12.8728
-48 12.5623
-47 12.2502
-46 11.937
-45 11.623
-44 11.3086
-43 10.9942
-42 10.6801
-41 10.3667
-40 10.0544
-39 9.7434
-38 9.4342
-37 9.1268
-36 8.8218
-35 8.5193
-34 8.2197
-33 7.9232
-32 7.6308
-31 7.3432
-30 7.0603
-29 6.7825
-28 6.5098
-27 6.2424
-26 5.9805
-25 5.7241
-24 5.4734
-23 5.2284
-22 4.9891
-21 4.7558
-20 4.5284
-19 4.3072
-18 4.0922
-17 3.8835
-16 3.6813
-15 3.4856
-14 3.2966
-13 3.1142
-12 2.9386
-11 2.7699
-10 2.608
-9 2.4531
-8 2.3052
-7 2.1643
-6 2.0305
-5 1.9037
-4 1.7841
-3 1.6716
-2 1.5661
-1 1.4678
0 1.3765
1 1.2924
2 1.2152
3 1.1451
4 1.0819
5 1.0257
6 0.9764
7 0.9343
8 0.8997
9 0.8725
10 0.8527
11 0.8401
12 0.8345
13 0.8357
14 0.8437
15 0.8583
16 0.8793
17 0.9066
18 0.9399
19 0.9792
20 1.0242
21 1.0748
22 1.1308
23 1.1921
24 1.2584
25 1.3296
26 1.4054
27 1.4857
28 1.5704
29 1.6591
30 1.7518
31 1.8482
32 1.9481
33 2.0513
34 2.1576
35 2.2668
36 2.3787
37 2.4931
38 2.6098
39 2.7285
40 2.8491
41 2.9714
42 3.095
43 3.2199
44 3.3458
45 3.4724
46 3.5997
47 3.7273
48 3.8551
49 3.9828
50 4.1103
51 4.2373
52 4.3637
53 4.4892
54 4.6136
55 4.7367
56 4.8585
57 4.9785
58 5.0968
59 5.213
60 5.327
61 5.4387
62 5.5478
63 5.6542
64 5.7577
65 5.8582
66 5.9554
67 6.0494
68 6.1398
69 6.2266
70 6.3097
71 6.3889
72 6.464
73 6.535
74 6.6018
75 6.6642
76 6.7221
77 6.7756
78 6.8244
79 6.8684
80 6.9077
81 6.9422
82 6.9717
83 6.9963
84 7.0159
85 7.0305
86 7.0399
87 7.0443
88 7.0436
89 7.0377
90 7.0267
91 7.0105
92 6.9893
93 6.963
94 6.9316
95 6.8951
96 6.8537
97 6.8073
98 6.756
99 6.6999
100 6.6391
101 6.5735
102 6.5033
103 6.4286
104 6.3495
105 6.2661
106 6.1784
107 6.0866
108 5.9909
109 5.8912
110 5.7879
111 5.6809
112 5.5705
113 5.4568
114 5.3399
115 5.22
116 5.0973
117 4.9719
118 4.844
119 4.7137
120 4.5813
121 4.4469
122 4.3107
123 4.1729
124 4.0337
125 3.8933
126 3.7518
127 3.6095
128 3.4665
129 3.3231
130 3.1795
131 3.0359
132 2.8924
133 2.7493
134 2.6068
135 2.465
136 2.3243
137 2.1847
138 2.0464
139 1.9098
140 1.775
141 1.6421
142 1.5114
143 1.3831
144 1.2574
145 1.1344
146 1.0144
147 0.8976
148 0.784
149 0.674
150 0.5677
151 0.4652
152 0.3668
153 0.2726
154 0.1829
155 0.0977
156 0.0172
157 -0.0584
158 -0.1289
159 -0.1941
160 -0.254
161 -0.3084
162 -0.3571
163 -0.3999
164 -0.4368
165 -0.4675
166 -0.492
167 -0.5101
168 -0.5217
169 -0.5265
170 -0.5243
171 -0.5149
172 -0.4981
173 -0.4739
174 -0.442
175 -0.4023
176 -0.3547
177 -0.2989
178 -0.235
179 -0.1637
180 -0.0854
