-180 -21.7507
-179 -21.7507
-178 -21.6580
-177 -21.5583
-176 -21.4521
-175 -21.3399
-174 -21.2218
-173 -21.0980
-172 -20.9686
-171 -20.8336
-170 -20.6932
-169 -20.5475
-168 -20.3966
-167 -20.2406
-166 -20.0797
-165 -19.9140
-164 -19.7436
-163 -19.5688
-162 -19.3896
-161 -19.2062
-160 -19.0188
-159 -18.8275
-158 -18.6326
-157 -18.4342
-156 -18.2324
-155 -18.0275
-154 -17.8196
-153 -17.6089
-152 -17.3955
-151 -17.1797
-150 -16.9615
-149 -16.7412
-148 -16.5189
-147 -16.2948
-146 -16.0689
-145 -15.8414
-144 -15.6124
-143 -15.3821
-142 -15.1504
-141 -14.9176
-140 -14.6838
-139 -14.4489
-138 -14.2130
-137 -13.9763
-136 -13.7385
-135 -13.4999
-134 -13.2603
-133 -13.0198
-132 -12.7783
-131 -12.5358
-130 -12.2923
-129 -12.0479
-128 -11.8028
-127 -11.5570
-126 -11.3104
-125 -11.0630
-124 -10.8148
-123 -10.5656
-122 -10.3156
-121 -10.0646
-120 -9.8129
-119 -9.5606
-118 -9.3075
-117 -9.0537
-116 -8.7994
-115 -8.5446
-114 -8.2894
-113 -8.0342
-112 -7.7791
-111 -7.5244
-110 -7.2703
-109 -7.0173
-108 -6.7657
-107 -6.5159
-106 -6.2685
-105 -6.0239
-104 -5.7826
-103 -5.5452
-102 -5.3124
-101 -5.0847
-100 -4.8628
-99 -4.6473
-98 -4.4388
-97 -4.2382
-96 -4.0460
-95 -3.8628
-94 -3.6895
-93 -3.5265
-92 -3.3745
-91 -3.2342
-90 -3.1060
-89 -2.9905
-88 -2.8882
-87 -2.7996
-86 -2.7250
-85 -2.6647
-84 -2.6189
-83 -2.5879
-82 -2.5719
-81 -2.5710
-80 -2.5854
-79 -2.6150
-78 -2.6598
-77 -2.7198
-76 -2.7948
-75 -2.8844
-74 -2.9883
-73 -3.1058
-72 -3.2367
-71 -3.3806
-70 -3.5370
-69 -3.7056
-68 -3.8859
-67 -4.0774
-66 -4.2797
-65 -4.4923
-64 -4.7147
-63 -4.9464
-62 -5.1868
-61 -5.4354
-60 -5.6918
-59 -5.9554
-58 -6.2257
-57 -6.5022
-56 -6.7843
-55 -7.0716
-54 -7.3637
-53 -7.6599
-52 -7.9599
-51 -8.2632
-50 -8.5693
-49 -8.8779
-48 -9.1884
-47 -9.5005
-46 -9.8137
-45 -10.1277
-44 -10.4421
-43 -10.7565
-42 -11.0706
-41 -11.3840
-40 -11.6963
-39 -12.0073
-38 -12.3165
-37 -12.6239
-36 -12.9289
-35 -13.2314
-34 -13.5310
-33 -13.8275
-32 -14.1199
-31 -14.4075
-30 -14.6904
-29 -14.9682
-28 -15.2409
-27 -15.5083
-26 -15.7702
-25 -16.0266
-24 -16.2773
-23 -16.5223
-22 -16.7616
-21 -16.9949
-20 -17.2223
-19 -17.4435
-18 -17.6585
-17 -17.8672
-16 -18.0694
-15 -18.2651
-14 -18.4541
-13 -18.6365
-12 -18.8121
-11 -18.9808
-10 -19.1427
-9 -19.2976
-8 -19.4455
-7 -19.5864
-6 -19.7202
-5 -19.8470
-4 -19.9666
-3 -20.0791
-2 -20.1846
-1 -20.2829
0 -20.3742
1 -20.4583
2 -20.5355
3 -20.6056
4 -20.6688
5 -20.7250
6 -20.7743
7 -20.8164
8 -20.8510
9 -20.8782
10 -20.8980
11 -20.9106
12 -20.9162
13 -20.9150
14 -20.9070
15 -20.8924
16 -20.8714
17 -20.8441
18 -20.8108
19 -20.7715
20 -20.7265
21 -20.6759
22 -20.6199
23 -20.5586
24 -20.4923
25 -20.4211
26 -20.3453
27 -20.2650
28 -20.1803
29 -20.0916
30 -19.9989
31 -19.9025
32 -19.8026
33 -19.6994
34 -19.5931
35 -19.4839
36 -19.3720
37 -19.2576
38 -19.1409
39 -19.0222
40 -18.9016
41 -18.7793
42 -18.6557
43 -18.5308
44 -18.4049
45 -18.2783
46 -18.1510
47 -18.0234
48 -17.8956
49 -17.7679
50 -17.6404
51 -17.5134
52 -17.3870
53 -17.2615
54 -17.1371
55 -17.0140
56 -16.8922
57 -16.7722
58 -16.6539
59 -16.5377
60 -16.4237
61 -16.3120
62 -16.2029
63 -16.0965
64 -15.9930
65 -15.8925
66 -15.7953
67 -15.7013
68 -15.6109
69 -15.5241
70 -15.4410
71 -15.3618
72 -15.2867
73 -15.2157
74 -15.1489
75 -15.0865
76 -15.0286
77 -14.9751
78 -14.9263
79 -14.8823
80 -14.8430
81 -14.8085
82 -14.7790
83 -14.7544
84 -14.7348
85 -14.7202
86 -14.7108
87 -14.7064
88 -14.7071
89 -14.7130
90 -14.7240
91 -14.7402
92 -14.7614
93 -14.7877
94 -14.8191
95 -14.8556
96 -14.8970
97 -14.9434
98 -14.9947
99 -15.0508
100 -15.1116
101 -15.1772
102 -15.2474
103 -15.3221
104 -15.4012
105 -15.4846
106 -15.5723
107 -15.6641
108 -15.7598
109 -15.8595
110 -15.9628
111 -16.0698
112 -16.1802
113 -16.2939
114 -16.4108
115 -16.5307
116 -16.6534
117 -16.7788
118 -16.9067
119 -17.0370
120 -17.1694
121 -17.3038
122 -17.4400
123 -17.5778
124 -17.7170
125 -17.8574
126 -17.9989
127 -18.1412
128 -18.2842
129 -18.4276
130 -18.5712
131 -18.7148
132 -18.8583
133 -19.0014
134 -19.1439
135 -19.2857
136 -19.4264
137 -19.5660
138 -19.7043
139 -19.8409
140 -19.9757
141 -20.1086
142 -20.2393
143 -20.3676
144 -20.4933
145 -20.6163
146 -20.7363
147 -20.8531
148 -20.9667
149 -21.0767
150 -21.1830
151 -21.2855
152 -21.3839
153 -21.4781
154 -21.5678
155 -21.6530
156 -21.7335
157 -21.8091
158 -21.8796
159 -21.9448
160 -22.0047
161 -22.0591
162 -22.1078
163 -22.1506
164 -22.1875
165 -22.2182
166 -22.2427
167 -22.2608
168 -22.2724
169 -22.2772
170 -22.2750
171 -22.2656
172 -22.2488
173 -22.2246
174 -22.1927
175 -22.1530
176 -22.1054
177 -22.0496
178 -21.9857
179 -21.9144
180 -21.8361
181 -21.7507
