-180 12.0680
-179 12.0680
-178 -1.1429
-177 6.7159
-176 -3.3299
-175 -5.9275
-174 4.2881
-173 -0.2306
-172 4.2202
-171 8.2724
-170 3.4845
-169 0.2156
-168 7.4670
-167 -1.3880
-166 3.7956
-165 0.0232
-164 9.4824
-163 4.7883
-162 3.0163
-161 5.8563
-160 5.5424
-159 -0.9454
-158 4.6621
-157 5.2793
-156 7.3874
-155 5.0625
-154 2.2448
-153 5.5514
-152 3.6924
-151 5.9575
-150 8.2705
-149 11.5759
-148 8.4719
-147 4.7712
-146 10.5147
-145 5.4921
-144 6.1877
-143 8.4738
-142 8.4881
-141 7.4021
-140 1.7210
-139 1.7974
-138 4.4894
-137 11.7879
-136 8.0248
-135 12.3429
-134 10.9578
-133 11.1314
-132 9.7981
-131 12.3778
-130 8.2490
-129 9.2301
-128 7.3284
-127 14.7837
-126 0.6442
-125 2.6255
-124 10.9014
-123 13.6257
-122 14.6910
-121 4.5897
-120 11.5720
-119 13.2715
-118 15.1312
-117 5.4743
-116 12.7082
-115 15.8242
-114 11.2276
-113 13.3895
-112 15.9971
-111 14.4130
-110 22.9602
-109 16.6175
-108 15.7627
-107 17.9155
-106 19.1294
-105 16.4399
-104 11.9768
-103 20.1826
-102 13.7478
-101 16.2663
-100 15.3691
-99 17.8898
-98 19.0715
-97 24.8445
-96 21.1928
-95 16.4277
-94 17.9293
-93 17.7774
-92 17.8980
-91 26.8372
-90 23.2191
-89 19.4394
-88 24.1775
-87 20.7565
-86 17.7723
-85 20.8728
-84 17.5293
-83 24.7544
-82 22.1243
-81 15.7914
-80 13.5403
-79 16.9840
-78 17.4055
-77 22.5137
-76 20.3314
-75 12.3931
-74 11.7687
-73 16.0413
-72 18.6946
-71 18.0037
-70 22.5644
-69 17.0638
-68 13.8607
-67 18.3049
-66 17.6810
-65 18.6183
-64 18.1622
-63 19.0185
-62 12.6161
-61 13.5775
-60 15.5432
-59 18.0945
-58 17.1148
-57 13.0814
-56 11.4473
-55 9.0984
-54 18.8912
-53 17.4200
-52 13.3515
-51 19.4565
-50 12.1322
-49 19.9249
-48 13.1916
-47 12.8785
-46 13.2407
-45 24.7770
-44 5.8405
-43 9.5077
-42 11.5379
-41 15.4107
-40 8.2666
-39 12.4979
-38 9.9296
-37 6.0512
-36 3.9711
-35 7.8377
-34 4.5372
-33 3.6946
-32 0.6713
-31 2.1017
-30 7.3606
-29 4.1985
-28 1.5277
-27 15.8446
-26 8.4782
-25 5.7561
-24 4.5930
-23 3.3117
-22 7.2009
-21 11.4107
-20 9.0627
-19 5.5507
-18 2.1177
-17 1.8378
-16 1.7317
-15 2.8035
-14 1.2125
-13 2.9985
-12 3.1532
-11 4.6394
-10 3.2793
-9 5.9681
-8 12.0144
-7 0.3364
-6 -0.3909
-5 7.3572
-4 2.3227
-3 -5.2983
-2 4.4548
-1 6.5790
0 -2.5202
1 0.0363
2 4.8108
3 1.4820
4 -2.1728
5 4.5058
6 1.6720
7 -2.7269
8 -2.8875
9 1.8937
10 -1.3780
11 -0.4205
12 3.2098
13 -1.3256
14 -2.3920
15 1.8032
16 -2.6512
17 1.0707
18 -2.2314
19 -1.0599
20 9.9615
21 2.3559
22 -0.7066
23 -2.4724
24 2.8414
25 0.4330
26 3.3781
27 5.5537
28 3.6264
29 -1.7430
30 3.6930
31 -0.4095
32 -7.1993
33 1.8887
34 0.7920
35 3.9085
36 4.8745
37 1.4185
38 -2.8776
39 -0.7870
40 3.9997
41 3.8747
42 -2.2976
43 9.0456
44 1.3145
45 3.5067
46 7.7213
47 4.5338
48 1.4130
49 -1.9180
50 0.8691
51 2.7630
52 4.9910
53 5.2875
54 4.4874
55 0.1906
56 0.3531
57 2.2937
58 13.1775
59 6.1361
60 1.9498
61 3.6567
62 5.7404
63 3.0312
64 13.3870
65 5.2551
66 3.2161
67 2.5312
68 7.8634
69 10.4248
70 7.5164
71 10.6855
72 4.4620
73 3.8697
74 8.2008
75 1.7385
76 8.8514
77 5.2866
78 4.9887
79 9.0333
80 1.8375
81 6.7271
82 5.9817
83 11.5400
84 7.2979
85 6.4597
86 9.3007
87 6.2636
88 1.2990
89 0.1291
90 2.7446
91 4.7003
92 6.5503
93 10.0327
94 5.8882
95 6.7542
96 6.4542
97 7.0675
98 9.6542
99 7.8852
100 9.6595
101 7.8535
102 4.1343
103 14.8528
104 3.5668
105 3.2740
106 -1.0805
107 11.4686
108 6.8083
109 6.8975
110 6.4055
111 1.3021
112 6.1461
113 10.3615
114 5.8358
115 7.5042
116 0.3349
117 4.6582
118 6.8782
119 7.5127
120 8.5949
121 6.3180
122 6.6808
123 2.8084
124 -0.7467
125 2.7440
126 2.8692
127 7.1789
128 5.4364
129 5.8534
130 2.1735
131 7.7128
132 3.8384
133 6.8137
134 8.8033
135 6.9782
136 -0.7175
137 8.8190
138 2.3893
139 4.1733
140 0.0707
141 0.8192
142 -4.2005
143 2.1262
144 -4.4173
145 0.8381
146 3.2851
147 2.3729
148 3.6582
149 -0.0720
150 1.9012
151 1.4900
152 -4.7373
153 -0.8288
154 -3.3757
155 -0.2084
156 -1.5868
157 -2.9925
158 -2.9489
159 -1.1819
160 -5.9635
161 -1.3961
162 -2.2381
163 8.2128
164 0.5856
165 -0.3966
166 4.0618
167 2.3999
168 -0.6532
169 -0.1186
170 -0.2376
171 -2.9834
172 2.4631
173 -1.3772
174 0.9458
175 4.1104
176 1.2547
177 6.4086
178 -3.4335
179 -2.1058
180 1.6963
181 2.0618
