-180 44.3715
-179 44.3715
-178 44.3715
-177 44.3715
-176 44.3715
-175 44.3715
-174 44.3715
-173 44.3715
-172 44.3715
-171 44.3715
-170 44.3715
-169 44.3715
-168 44.3715
-167 44.3715
-166 44.3715
-165 44.3715
-164 44.3715
-163 44.3715
-162 44.3715
-161 44.3715
-160 44.3715
-159 44.3715
-158 44.3715
-157 44.3715
-156 44.3715
-155 44.3715
-154 44.3715
-153 44.3715
-152 44.3715
-151 44.3715
-150 44.3715
-149 44.3715
-148 44.3715
-147 44.3715
-146 44.3715
-145 44.3715
-144 44.3715
-143 44.3715
-142 44.3715
-141 44.3715
-140 44.3715
-139 44.3715
-138 44.3715
-137 44.3715
-136 44.3715
-135 44.3715
-134 44.3715
-133 44.3715
-132 44.3715
-131 44.3715
-130 44.3715
-129 44.3715
-128 44.3715
-127 44.3715
-126 44.3715
-125 44.3715
-124 44.3715
-123 44.3715
-122 44.3715
-121 44.3715
-120 44.3715
-119 44.3715
-118 44.3715
-117 44.3715
-116 44.3715
-115 44.3715
-114 44.3715
-113 44.3715
-112 44.3715
-111 44.3715
-110 44.3715
-109 44.3715
-108 44.3715
-107 44.3715
-106 44.3715
-105 44.3715
-104 44.3715
-103 44.3715
-102 44.3715
-101 44.3715
-100 44.3715
-99 44.3715
-98 44.3715
-97 44.3715
-96 44.3715
-95 44.3715
-94 44.3715
-93 44.3715
-92 44.3715
-91 44.3715
-90 44.3715
-89 44.3715
-88 44.3715
-87 44.3715
-86 44.3715
-85 44.3715
-84 44.3715
-83 44.3715
-82 44.3715
-81 44.3715
-80 44.3715
-79 44.3715
-78 44.3715
-77 44.3715
-76 44.3715
-75 44.3715
-74 44.3715
-73 44.3715
-72 44.3715
-71 44.3715
-70 44.3715
-69 44.3715
-68 44.3715
-67 44.3715
-66 44.3715
-65 44.3715
-64 44.3715
-63 44.3715
-62 44.3715
-61 44.3715
-60 44.3715
-59 44.3715
-58 44.3715
-57 44.3715
-56 44.3715
-55 44.3715
-54 44.3715
-53 44.3715
-52 44.3715
-51 44.3715
-50 44.3715
-49 44.3715
-48 44.3715
-47 44.3715
-46 44.3715
-45 44.3715
-44 44.3715
-43 44.3715
-42 44.3715
-41 44.3715
-40 44.3715
-39 44.3715
-38 44.3715
-37 44.3715
-36 44.3715
-35 44.3715
-34 44.3715
-33 44.3715
-32 44.3715
-31 44.3715
-30 44.3715
-29 44.3715
-28 44.3715
-27 44.3715
-26 44.3715
-25 44.3715
-24 44.3715
-23 44.3715
-22 44.3715
-21 44.3715
-20 44.3715
-19 44.3715
-18 44.3715
-17 44.3715
-16 44.3715
-15 44.3715
-14 44.3715
-13 44.3715
-12 44.3715
-11 44.3715
-10 44.3715
-9 44.3715
-8 44.3715
-7 44.3715
-6 44.3715
-5 44.3715
-4 44.3715
-3 44.3715
-2 44.3715
-1 44.3715
0 44.3715
1 44.3715
2 44.3715
3 44.3715
4 44.3715
5 44.3715
6 44.3715
7 44.3715
8 44.3715
9 44.3715
10 44.3715
11 44.3715
12 44.3715
13 44.3715
14 44.3715
15 44.3715
16 44.3715
17 44.3715
18 44.3715
19 44.3715
20 44.3715
21 44.3715
22 44.3715
23 44.3715
24 44.3715
25 44.3715
26 44.3715
27 44.3715
28 44.3715
29 44.3715
30 44.3715
31 44.3715
32 44.3715
33 44.3715
34 44.3715
35 44.3715
36 44.3715
37 44.3715
38 44.3715
39 44.3715
40 44.3715
41 44.3715
42 44.3715
43 44.3715
44 44.3715
45 44.3715
46 44.3715
47 44.3715
48 44.3715
49 44.3715
50 44.3715
51 44.3715
52 44.3715
53 44.3715
54 44.3715
55 44.3715
56 44.3715
57 44.3715
58 44.3715
59 44.3715
60 44.3715
61 44.3715
62 44.3715
63 44.3715
64 44.3715
65 44.3715
66 44.3715
67 44.3715
68 44.3715
69 44.3715
70 44.3715
71 44.3715
72 44.3715
73 44.3715
74 44.3715
75 44.3715
76 44.3715
77 44.3715
78 44.3715
79 44.3715
80 44.3715
81 44.3715
82 44.3715
83 44.3715
84 44.3715
85 44.3715
86 44.3715
87 44.3715
88 44.3715
89 44.3715
90 44.3715
91 44.3715
92 44.3715
93 44.3715
94 44.3715
95 44.3715
96 44.3715
97 44.3715
98 44.3715
99 44.3715
100 44.3715
101 44.3715
102 44.3715
103 44.3715
104 44.3715
105 44.3715
106 44.3715
107 44.3715
108 44.3715
109 44.3715
110 44.3715
111 44.3715
112 44.3715
113 44.3715
114 44.3715
115 44.3715
116 44.3715
117 44.3715
118 44.3715
119 44.3715
120 44.3715
121 44.3715
122 44.3715
123 44.3715
124 44.3715
125 44.3715
126 44.3715
127 44.3715
128 44.3715
129 44.3715
130 44.3715
131 44.3715
132 44.3715
133 44.3715
134 44.3715
135 44.3715
136 44.3715
137 44.3715
138 44.3715
139 44.3715
140 44.3715
141 44.3715
142 44.3715
143 44.3715
144 44.3715
145 44.3715
146 44.3715
147 44.3715
148 44.3715
149 44.3715
150 44.3715
151 44.3715
152 44.3715
153 44.3715
154 44.3715
155 44.3715
156 44.3715
157 44.3715
158 44.3715
159 44.3715
160 44.3715
161 44.3715
162 44.3715
163 44.3715
164 44.3715
165 44.3715
166 44.3715
167 44.3715
168 44.3715
169 44.3715
170 44.3715
171 44.3715
172 44.3715
173 44.3715
174 44.3715
175 44.3715
176 44.3715
177 44.3715
178 44.3715
179 44.3715
180 44.3715
181 44.3715
