-180 6.1446
-179 6.1446
-178 6.1446
-177 6.1446
-176 6.1446
-175 6.1446
-174 6.1446
-173 6.1446
-172 6.1446
-171 6.1446
-170 6.1446
-169 6.1446
-168 6.1446
-167 6.1446
-166 6.1446
-165 6.1446
-164 6.1446
-163 6.1446
-162 6.1446
-161 6.1446
-160 6.1446
-159 6.1446
-158 6.1446
-157 6.1446
-156 6.1446
-155 6.1446
-154 6.1446
-153 6.1446
-152 6.1446
-151 6.1446
-150 6.1446
-149 6.1446
-148 6.1446
-147 6.1446
-146 6.1446
-145 6.1446
-144 6.1446
-143 6.1446
-142 6.1446
-141 6.1446
-140 6.1446
-139 6.1446
-138 6.1446
-137 6.1446
-136 6.1446
-135 6.1446
-134 6.1446
-133 6.1446
-132 6.1446
-131 6.1446
-130 6.1446
-129 6.1446
-128 6.1446
-127 6.1446
-126 6.1446
-125 6.1446
-124 6.1446
-123 6.1446
-122 6.1446
-121 6.1446
-120 6.1446
-119 6.1446
-118 6.1446
-117 6.1446
-116 6.1446
-115 6.1446
-114 6.1446
-113 6.1446
-112 6.1446
-111 6.1446
-110 6.1446
-109 6.1446
-108 6.1446
-107 6.1446
-106 6.1446
-105 6.1446
-104 6.1446
-103 6.1446
-102 6.1446
-101 6.1446
-100 6.1446
-99 6.1446
-98 6.1446
-97 6.1446
-96 6.1446
-95 6.1446
-94 6.1446
-93 6.1446
-92 6.1446
-91 6.1446
-90 6.1446
-89 6.1446
-88 6.1446
-87 6.1446
-86 6.1446
-85 6.1446
-84 6.1446
-83 6.1446
-82 6.1446
-81 6.1446
-80 6.1446
-79 6.1446
-78 6.1446
-77 6.1446
-76 6.1446
-75 6.1446
-74 6.1446
-73 6.1446
-72 6.1446
-71 6.1446
-70 6.1446
-69 6.1446
-68 6.1446
-67 6.1446
-66 6.1446
-65 6.1446
-64 6.1446
-63 6.1446
-62 6.1446
-61 6.1446
-60 6.1446
-59 6.1446
-58 6.1446
-57 6.1446
-56 6.1446
-55 6.1446
-54 6.1446
-53 6.1446
-52 6.1446
-51 6.1446
-50 6.1446
-49 6.1446
-48 6.1446
-47 6.1446
-46 6.1446
-45 6.1446
-44 6.1446
-43 6.1446
-42 6.1446
-41 6.1446
-40 6.1446
-39 6.1446
-38 6.1446
-37 6.1446
-36 6.1446
-35 6.1446
-34 6.1446
-33 6.1446
-32 6.1446
-31 6.1446
-30 6.1446
-29 6.1446
-28 6.1446
-27 6.1446
-26 6.1446
-25 6.1446
-24 6.1446
-23 6.1446
-22 6.1446
-21 6.1446
-20 6.1446
-19 6.1446
-18 6.1446
-17 6.1446
-16 6.1446
-15 6.1446
-14 6.1446
-13 6.1446
-12 6.1446
-11 6.1446
-10 6.1446
-9 6.1446
-8 6.1446
-7 6.1446
-6 6.1446
-5 6.1446
-4 6.1446
-3 6.1446
-2 6.1446
-1 6.1446
0 6.1446
1 6.1446
2 6.1446
3 6.1446
4 6.1446
5 6.1446
6 6.1446
7 6.1446
8 6.1446
9 6.1446
10 6.1446
11 6.1446
12 6.1446
13 6.1446
14 6.1446
15 6.1446
16 6.1446
17 6.1446
18 6.1446
19 6.1446
20 6.1446
21 6.1446
22 6.1446
23 6.1446
24 6.1446
25 6.1446
26 6.1446
27 6.1446
28 6.1446
29 6.1446
30 6.1446
31 6.1446
32 6.1446
33 6.1446
34 6.1446
35 6.1446
36 6.1446
37 6.1446
38 6.1446
39 6.1446
40 6.1446
41 6.1446
42 6.1446
43 6.1446
44 6.1446
45 6.1446
46 6.1446
47 6.1446
48 6.1446
49 6.1446
50 6.1446
51 6.1446
52 6.1446
53 6.1446
54 6.1446
55 6.1446
56 6.1446
57 6.1446
58 6.1446
59 6.1446
60 6.1446
61 6.1446
62 6.1446
63 6.1446
64 6.1446
65 6.1446
66 6.1446
67 6.1446
68 6.1446
69 6.1446
70 6.1446
71 6.1446
72 6.1446
73 6.1446
74 6.1446
75 6.1446
76 6.1446
77 6.1446
78 6.1446
79 6.1446
80 6.1446
81 6.1446
82 6.1446
83 6.1446
84 6.1446
85 6.1446
86 6.1446
87 6.1446
88 6.1446
89 6.1446
90 6.1446
91 6.1446
92 6.1446
93 6.1446
94 6.1446
95 6.1446
96 6.1446
97 6.1446
98 6.1446
99 6.1446
100 6.1446
101 6.1446
102 6.1446
103 6.1446
104 6.1446
105 6.1446
106 6.1446
107 6.1446
108 6.1446
109 6.1446
110 6.1446
111 6.1446
112 6.1446
113 6.1446
114 6.1446
115 6.1446
116 6.1446
117 6.1446
118 6.1446
119 6.1446
120 6.1446
121 6.1446
122 6.1446
123 6.1446
124 6.1446
125 6.1446
126 6.1446
127 6.1446
128 6.1446
129 6.1446
130 6.1446
131 6.1446
132 6.1446
133 6.1446
134 6.1446
135 6.1446
136 6.1446
137 6.1446
138 6.1446
139 6.1446
140 6.1446
141 6.1446
142 6.1446
143 6.1446
144 6.1446
145 6.1446
146 6.1446
147 6.1446
148 6.1446
149 6.1446
150 6.1446
151 6.1446
152 6.1446
153 6.1446
154 6.1446
155 6.1446
156 6.1446
157 6.1446
158 6.1446
159 6.1446
160 6.1446
161 6.1446
162 6.1446
163 6.1446
164 6.1446
165 6.1446
166 6.1446
167 6.1446
168 6.1446
169 6.1446
170 6.1446
171 6.1446
172 6.1446
173 6.1446
174 6.1446
175 6.1446
176 6.1446
177 6.1446
178 6.1446
179 6.1446
180 6.1446
181 6.1446
