-180 9.2526
-179 9.2526
-178 9.2557
-177 9.2650
-176 9.2804
-175 9.3020
-174 9.3298
-173 9.3636
-172 9.4034
-171 9.4493
-170 9.5012
-169 9.5589
-168 9.6225
-167 9.6919
-166 9.7669
-165 9.8475
-164 9.9337
-163 10.0252
-162 10.1221
-161 10.2242
-160 10.3313
-159 10.4434
-158 10.5604
-157 10.6820
-156 10.8082
-155 10.9389
-154 11.0738
-153 11.2129
-152 11.3559
-151 11.5027
-150 11.6532
-149 11.8072
-148 11.9644
-147 12.1248
-146 12.2882
-145 12.4543
-144 12.6230
-143 12.7940
-142 12.9673
-141 13.1426
-140 13.3197
-139 13.4984
-138 13.6785
-137 13.8598
-136 14.0422
-135 14.2254
-134 14.4091
-133 14.5933
-132 14.7777
-131 14.9621
-130 15.1463
-129 15.3301
-128 15.5133
-127 15.6957
-126 15.8771
-125 16.0573
-124 16.2361
-123 16.4134
-122 16.5888
-121 16.7623
-120 16.9336
-119 17.1026
-118 17.2691
-117 17.4329
-116 17.5939
-115 17.7518
-114 17.9065
-113 18.0578
-112 18.2057
-111 18.3498
-110 18.4902
-109 18.6266
-108 18.7589
-107 18.8870
-106 19.0107
-105 19.1300
-104 19.2446
-103 19.3545
-102 19.4597
-101 19.5599
-100 19.6552
-99 19.7453
-98 19.8303
-97 19.9100
-96 19.9845
-95 20.0535
-94 20.1172
-93 20.1753
-92 20.2280
-91 20.2751
-90 20.3167
-89 20.3526
-88 20.3830
-87 20.4077
-86 20.4269
-85 20.4404
-84 20.4484
-83 20.4507
-82 20.4476
-81 20.4389
-80 20.4247
-79 20.4052
-78 20.3802
-77 20.3500
-76 20.3145
-75 20.2739
-74 20.2281
-73 20.1774
-72 20.1217
-71 20.0613
-70 19.9961
-69 19.9263
-68 19.8520
-67 19.7734
-66 19.6905
-65 19.6035
-64 19.5124
-63 19.4176
-62 19.3190
-61 19.2169
-60 19.1114
-59 19.0027
-58 18.8908
-57 18.7760
-56 18.6585
-55 18.5383
-54 18.4157
-53 18.2909
-52 18.1640
-51 18.0352
-50 17.9048
-49 17.7727
-48 17.6394
-47 17.5048
-46 17.3693
-45 17.2330
-44 17.0962
-43 16.9589
-42 16.8213
-41 16.6838
-40 16.5464
-39 16.4094
-38 16.2728
-37 16.1370
-36 16.0021
-35 15.8683
-34 15.7357
-33 15.6046
-32 15.4751
-31 15.3474
-30 15.2217
-29 15.0981
-28 14.9768
-27 14.8580
-26 14.7417
-25 14.6283
-24 14.5178
-23 14.4104
-22 14.3062
-21 14.2053
-20 14.1080
-19 14.0143
-18 13.9243
-17 13.8382
-16 13.7561
-15 13.6780
-14 13.6042
-13 13.5347
-12 13.4695
-11 13.4088
-10 13.3527
-9 13.3012
-8 13.2544
-7 13.2124
-6 13.1751
-5 13.1428
-4 13.1153
-3 13.0928
-2 13.0752
-1 13.0627
0 13.0552
1 13.0526
2 13.0552
3 13.0627
4 13.0752
5 13.0928
6 13.1153
7 13.1428
8 13.1751
9 13.2124
10 13.2544
11 13.3012
12 13.3527
13 13.4088
14 13.4695
15 13.5346
16 13.6042
17 13.6780
18 13.7561
19 13.8382
20 13.9243
21 14.0143
22 14.1080
23 14.2053
24 14.3062
25 14.4104
26 14.5178
27 14.6283
28 14.7417
29 14.8580
30 14.9768
31 15.0981
32 15.2217
33 15.3474
34 15.4751
35 15.6046
36 15.7357
37 15.8683
38 16.0021
39 16.1370
40 16.2728
41 16.4094
42 16.5464
43 16.6838
44 16.8213
45 16.9589
46 17.0962
47 17.2330
48 17.3693
49 17.5048
50 17.6394
51 17.7727
52 17.9048
53 18.0352
54 18.1640
55 18.2909
56 18.4157
57 18.5383
58 18.6585
59 18.7760
60 18.8908
61 19.0026
62 19.1114
63 19.2169
64 19.3190
65 19.4176
66 19.5124
67 19.6034
68 19.6905
69 19.7734
70 19.8520
71 19.9263
72 19.9961
73 20.0613
74 20.1217
75 20.1774
76 20.2281
77 20.2739
78 20.3145
79 20.3500
80 20.3802
81 20.4052
82 20.4247
83 20.4389
84 20.4476
85 20.4507
86 20.4484
87 20.4404
88 20.4269
89 20.4077
90 20.3830
91 20.3526
92 20.3167
93 20.2751
94 20.2280
95 20.1753
96 20.1172
97 20.0535
98 19.9845
99 19.9100
100 19.8303
101 19.7453
102 19.6552
103 19.5599
104 19.4597
105 19.3545
106 19.2446
107 19.1300
108 19.0107
109 18.8870
110 18.7589
111 18.6266
112 18.4902
113 18.3499
114 18.2057
115 18.0578
116 17.9065
117 17.7518
118 17.5939
119 17.4329
120 17.2691
121 17.1026
122 16.9336
123 16.7623
124 16.5888
125 16.4134
126 16.2361
127 16.0573
128 15.8771
129 15.6957
130 15.5133
131 15.3301
132 15.1463
133 14.9621
134 14.7777
135 14.5933
136 14.4091
137 14.2254
138 14.0422
139 13.8598
140 13.6785
141 13.4984
142 13.3197
143 13.1426
144 12.9673
145 12.7940
146 12.6230
147 12.4543
148 12.2882
149 12.1248
150 11.9644
151 11.8072
152 11.6532
153 11.5027
154 11.3559
155 11.2129
156 11.0738
157 10.9389
158 10.8083
159 10.6820
160 10.5604
161 10.4434
162 10.3313
163 10.2242
164 10.1221
165 10.0252
166 9.9337
167 9.8475
168 9.7669
169 9.6919
170 9.6225
171 9.5589
172 9.5012
173 9.4493
174 9.4034
175 9.3636
176 9.3298
177 9.3020
178 9.2804
179 9.2650
180 9.2557
181 9.2526
