-180 0.0
-179 0.0
-178 0.0221
-177 0.0495
-176 0.0823
-175 0.1203
-174 0.1636
-173 0.2121
-172 0.2657
-171 0.3244
-170 0.3881
-169 0.4568
-168 0.5303
-167 0.6086
-166 0.6916
-165 0.7792
-164 0.8713
-163 0.9678
-162 1.0686
-161 1.1736
-160 1.2827
-159 1.3957
-158 1.5126
-157 1.6332
-156 1.7574
-155 1.8852
-154 2.0163
-153 2.1508
-152 2.2884
-151 2.4292
-150 2.573
-149 2.7197
-148 2.8692
-147 3.0215
-146 3.1765
-145 3.3342
-144 3.4944
-143 3.6572
-142 3.8225
-141 3.9903
-140 4.1607
-139 4.3335
-138 4.5089
-137 4.6868
-136 4.8672
-135 5.0503
-134 5.236
-133 5.4245
-132 5.6157
-131 5.8097
-130 6.0067
-129 6.2067
-128 6.4097
-127 6.6158
-126 6.8252
-125 7.0377
-124 7.2536
-123 7.4728
-122 7.6953
-121 7.9212
-120 8.1504
-119 8.3828
-118 8.6185
-117 8.8573
-116 9.099
-115 9.3435
-114 9.5906
-113 9.84
-112 10.0916
-111 10.3448
-110 10.5995
-109 10.8551
-108 11.1112
-107 11.3674
-106 11.6231
-105 11.8778
-104 12.1308
-103 12.3816
-102 12.6294
-101 12.8736
-100 13.1136
-99 13.3485
-98 13.5777
-97 13.8004
-96 14.016
-95 14.2236
-94 14.4226
-93 14.6122
-92 14.7919
-91 14.9609
-90 15.1186
-89 15.2645
-88 15.398
-87 15.5186
-86 15.6259
-85 15.7195
-84 15.799
-83 15.8642
-82 15.9148
-81 15.9507
-80 15.9717
-79 15.9777
-78 15.9688
-77 15.9451
-76 15.9065
-75 15.8533
-74 15.7856
-73 15.7037
-72 15.6079
-71 15.4984
-70 15.3756
-69 15.24
-68 15.0918
-67 14.9315
-66 14.7597
-65 14.5767
-64 14.383
-63 14.1791
-62 13.9656
-61 13.743
-60 13.5116
-59 13.2722
-58 13.0252
-57 12.7711
-56 12.5104
-55 12.2437
-54 11.9714
-53 11.694
-52 11.4121
-51 11.1261
-50 10.8365
-49 10.5437
-48 10.2483
-47 9.9506
-46 9.651
-45 9.3501
-44 9.0482
-43 8.7457
-42 8.443
-41 8.1406
-40 7.8386
-39 7.5376
-38 7.2378
-37 6.9397
-36 6.6435
-35 6.3495
-34 6.0581
-33 5.7695
-32 5.4841
-31 5.2021
-30 4.9237
-29 4.6494
-28 4.3792
-27 4.1135
-26 3.8525
-25 3.5963
-24 3.3453
-23 3.0996
-22 2.8594
-21 2.6249
-20 2.3964
-19 2.1738
-18 1.9576
-17 1.7476
-16 1.5443
-15 1.3476
-14 1.1576
-13 0.9746
-12 0.7987
-11 0.6298
-10 0.4682
-9 0.3139
-8 0.167
-7 0.0276
-6 -0.1044
-5 -0.2287
-4 -0.3454
-3 -0.4545
-2 -0.5558
-1 -0.6495
0 -0.7355
1 -0.8137
2 -0.8842
3 -0.947
4 -1.0022
5 -1.0497
6 -1.0896
7 -1.1219
8 -1.1467
9 -1.1641
10 -1.1741
11 -1.1767
12 -1.1722
13 -1.1606
14 -1.1419
15 -1.1163
16 -1.0839
17 -1.0448
18 -0.9991
19 -0.9471
20 -0.8887
21 -0.8242
22 -0.7537
23 -0.6774
24 -0.5954
25 -0.5079
26 -0.415
27 -0.3171
28 -0.2141
29 -0.1064
30 0.006
31 0.1227
32 0.2436
33 0.3685
34 0.4972
35 0.6294
36 0.7651
37 0.9039
38 1.0456
39 1.19
40 1.337
41 1.4862
42 1.6374
43 1.7905
44 1.9452
45 2.1013
46 2.2585
47 2.4166
48 2.5755
49 2.7348
50 2.8944
51 3.054
52 3.2135
53 3.3725
54 3.5309
55 3.6885
56 3.845
57 4.0003
58 4.154
59 4.3062
60 4.4564
61 4.6046
62 4.7506
63 4.8941
64 5.0349
65 5.1729
66 5.308
67 5.4399
68 5.5685
69 5.6935
70 5.815
71 5.9326
72 6.0463
73 6.156
74 6.2614
75 6.3625
76 6.4592
77 6.5513
78 6.6387
79 6.7213
80 6.7991
81 6.8719
82 6.9397
83 7.0024
84 7.0599
85 7.1122
86 7.1592
87 7.2009
88 7.2372
89 7.2681
90 7.2936
91 7.3137
92 7.3283
93 7.3375
94 7.3412
95 7.3395
96 7.3324
97 7.3199
98 7.3021
99 7.279
100 7.2506
101 7.217
102 7.1783
103 7.1345
104 7.0856
105 7.0319
106 6.9734
107 6.9101
108 6.8422
109 6.7697
110 6.6928
111 6.6116
112 6.5263
113 6.4368
114 6.3435
115 6.2464
116 6.1456
117 6.0413
118 5.9337
119 5.8229
120 5.709
121 5.5923
122 5.4729
123 5.3509
124 5.2266
125 5.1001
126 4.9716
127 4.8413
128 4.7093
129 4.5758
130 4.4411
131 4.3053
132 4.1686
133 4.0312
134 3.8933
135 3.755
136 3.6166
137 3.4783
138 3.3402
139 3.2026
140 3.0655
141 2.9294
142 2.7942
143 2.6602
144 2.5276
145 2.3966
146 2.2673
147 2.14
148 2.0147
149 1.8918
150 1.7713
151 1.6534
152 1.5384
153 1.4262
154 1.3172
155 1.2115
156 1.1092
157 1.0104
158 0.9154
159 0.8242
160 0.737
161 0.6539
162 0.575
163 0.5005
164 0.4304
165 0.3649
166 0.3041
167 0.248
168 0.1968
169 0.1505
170 0.1092
171 0.073
172 0.0419
173 0.016
174 -0.0046
175 -0.02
176 -0.03
177 -0.0348
178 -0.0341
179 -0.0281
180 -0.0168
