-180 1.4779
-179 1.4779
-178 1.5000
-177 1.5274
-176 1.5602
-175 1.5982
-174 1.6415
-173 1.6900
-172 1.7436
-171 1.8023
-170 1.8660
-169 1.9347
-168 2.0082
-167 2.0865
-166 2.1695
-165 2.2571
-164 2.3492
-163 2.4457
-162 2.5465
-161 2.6515
-160 2.7606
-159 2.8736
-158 2.9905
-157 3.1111
-156 3.2353
-155 3.3631
-154 3.4942
-153 3.6287
-152 3.7663
-151 3.9071
-150 4.0509
-149 4.1976
-148 4.3471
-147 4.4994
-146 4.6544
-145 4.8121
-144 4.9723
-143 5.1351
-142 5.3004
-141 5.4682
-140 5.6386
-139 5.8114
-138 5.9868
-137 6.1647
-136 6.3451
-135 6.5282
-134 6.7139
-133 6.9024
-132 7.0936
-131 7.2876
-130 7.4846
-129 7.6846
-128 7.8876
-127 8.0937
-126 8.3031
-125 8.5156
-124 8.7315
-123 8.9507
-122 9.1732
-121 9.3991
-120 9.6283
-119 9.8607
-118 10.0964
-117 10.3352
-116 10.5769
-115 10.8214
-114 11.0685
-113 11.3179
-112 11.5695
-111 11.8227
-110 12.0774
-109 12.3330
-108 12.5891
-107 12.8453
-106 13.1010
-105 13.3557
-104 13.6087
-103 13.8595
-102 14.1073
-101 14.3515
-100 14.5915
-99 14.8264
-98 15.0556
-97 15.2783
-96 15.4939
-95 15.7015
-94 15.9005
-93 16.0901
-92 16.2698
-91 16.4388
-90 16.5965
-89 16.7424
-88 16.8759
-87 16.9965
-86 17.1038
-85 17.1974
-84 17.2769
-83 17.3421
-82 17.3927
-81 17.4286
-80 17.4496
-79 17.4556
-78 17.4467
-77 17.4230
-76 17.3844
-75 17.3312
-74 17.2635
-73 17.1816
-72 17.0858
-71 16.9763
-70 16.8535
-69 16.7179
-68 16.5697
-67 16.4094
-66 16.2376
-65 16.0546
-64 15.8609
-63 15.6570
-62 15.4435
-61 15.2209
-60 14.9895
-59 14.7501
-58 14.5031
-57 14.2490
-56 13.9883
-55 13.7216
-54 13.4493
-53 13.1719
-52 12.8900
-51 12.6040
-50 12.3144
-49 12.0216
-48 11.7262
-47 11.4285
-46 11.1289
-45 10.8280
-44 10.5261
-43 10.2236
-42 9.9209
-41 9.6185
-40 9.3165
-39 9.0155
-38 8.7157
-37 8.4176
-36 8.1214
-35 7.8274
-34 7.5360
-33 7.2474
-32 6.9620
-31 6.6800
-30 6.4016
-29 6.1273
-28 5.8571
-27 5.5914
-26 5.3304
-25 5.0742
-24 4.8232
-23 4.5775
-22 4.3373
-21 4.1028
-20 3.8743
-19 3.6517
-18 3.4355
-17 3.2255
-16 3.0222
-15 2.8255
-14 2.6355
-13 2.4525
-12 2.2766
-11 2.1077
-10 1.9461
-9 1.7918
-8 1.6449
-7 1.5055
-6 1.3735
-5 1.2492
-4 1.1325
-3 1.0234
-2 0.9221
-1 0.8284
0 0.7424
1 0.6642
2 0.5937
3 0.5309
4 0.4757
5 0.4282
6 0.3883
7 0.3560
8 0.3312
9 0.3138
10 0.3038
11 0.3012
12 0.3057
13 0.3173
14 0.3360
15 0.3616
16 0.3940
17 0.4331
18 0.4788
19 0.5308
20 0.5892
21 0.6537
22 0.7242
23 0.8005
24 0.8825
25 0.9700
26 1.0629
27 1.1608
28 1.2638
29 1.3715
30 1.4839
31 1.6006
32 1.7215
33 1.8464
34 1.9751
35 2.1073
36 2.2430
37 2.3818
38 2.5235
39 2.6679
40 2.8149
41 2.9641
42 3.1153
43 3.2684
44 3.4231
45 3.5792
46 3.7364
47 3.8945
48 4.0534
49 4.2127
50 4.3723
51 4.5319
52 4.6914
53 4.8504
54 5.0088
55 5.1664
56 5.3229
57 5.4782
58 5.6319
59 5.7841
60 5.9343
61 6.0825
62 6.2285
63 6.3720
64 6.5128
65 6.6508
66 6.7859
67 6.9178
68 7.0464
69 7.1714
70 7.2929
71 7.4105
72 7.5242
73 7.6339
74 7.7393
75 7.8404
76 7.9371
77 8.0292
78 8.1166
79 8.1992
80 8.2770
81 8.3498
82 8.4176
83 8.4803
84 8.5378
85 8.5901
86 8.6371
87 8.6788
88 8.7151
89 8.7460
90 8.7715
91 8.7916
92 8.8062
93 8.8154
94 8.8191
95 8.8174
96 8.8103
97 8.7978
98 8.7800
99 8.7569
100 8.7285
101 8.6949
102 8.6562
103 8.6124
104 8.5635
105 8.5098
106 8.4513
107 8.3880
108 8.3201
109 8.2476
110 8.1707
111 8.0895
112 8.0042
113 7.9147
114 7.8214
115 7.7243
116 7.6235
117 7.5192
118 7.4116
119 7.3008
120 7.1869
121 7.0702
122 6.9508
123 6.8288
124 6.7045
125 6.5780
126 6.4495
127 6.3192
128 6.1872
129 6.0537
130 5.9190
131 5.7832
132 5.6465
133 5.5091
134 5.3712
135 5.2329
136 5.0945
137 4.9562
138 4.8181
139 4.6805
140 4.5434
141 4.4073
142 4.2721
143 4.1381
144 4.0055
145 3.8745
146 3.7452
147 3.6179
148 3.4926
149 3.3697
150 3.2492
151 3.1313
152 3.0163
153 2.9041
154 2.7951
155 2.6894
156 2.5871
157 2.4883
158 2.3933
159 2.3021
160 2.2149
161 2.1318
162 2.0529
163 1.9784
164 1.9083
165 1.8428
166 1.7820
167 1.7259
168 1.6747
169 1.6284
170 1.5871
171 1.5509
172 1.5198
173 1.4939
174 1.4733
175 1.4579
176 1.4479
177 1.4431
178 1.4438
179 1.4498
180 1.4611
181 1.4779
