-180 20.7063
-179 20.7063
-178 24.7738
-177 20.6466
-176 19.2957
-175 23.6234
-174 28.7574
-173 27.5618
-172 21.6598
-171 20.6348
-170 18.4001
-169 21.6072
-168 23.1721
-167 28.0987
-166 23.2957
-165 26.3056
-164 24.1869
-163 28.4890
-162 23.7565
-161 25.6580
-160 21.2370
-159 31.2582
-158 19.8536
-157 28.7463
-156 22.6173
-155 24.0589
-154 19.0656
-153 31.5893
-152 26.9902
-151 21.3268
-150 21.8485
-149 31.8022
-148 29.2065
-147 28.8206
-146 24.9301
-145 29.7273
-144 33.3981
-143 26.4816
-142 30.9606
-141 31.2216
-140 27.0360
-139 25.9400
-138 30.8702
-137 27.1380
-136 31.7285
-135 35.7722
-134 24.8590
-133 28.3544
-132 32.6971
-131 31.1830
-130 29.7131
-129 30.3874
-128 30.3411
-127 24.9557
-126 26.7812
-125 32.4699
-124 31.0692
-123 31.0200
-122 30.4475
-121 29.8760
-120 38.1852
-119 40.0389
-118 31.7663
-117 35.0299
-116 37.8447
-115 34.3715
-114 33.0979
-113 34.1865
-112 27.5322
-111 43.5267
-110 38.1821
-109 36.1249
-108 28.7912
-107 32.8321
-106 36.0066
-105 31.5294
-104 32.6684
-103 40.6983
-102 33.6154
-101 32.5037
-100 49.5994
-99 35.6101
-98 35.5549
-97 34.4886
-96 39.2861
-95 30.1679
-94 42.8207
-93 43.9867
-92 45.0153
-91 35.7041
-90 37.1528
-89 41.0701
-88 37.1432
-87 34.6638
-86 38.3220
-85 38.9667
-84 45.1299
-83 44.1388
-82 39.6291
-81 40.8918
-80 37.7818
-79 36.5987
-78 39.3867
-77 38.0252
-76 34.9487
-75 42.2048
-74 34.9287
-73 44.7443
-72 35.1868
-71 39.3101
-70 36.2417
-69 34.3226
-68 37.9679
-67 40.0219
-66 36.9097
-65 37.4285
-64 40.0714
-63 36.8032
-62 36.3641
-61 36.5361
-60 41.6630
-59 37.6706
-58 42.4928
-57 33.4298
-56 36.5236
-55 38.8343
-54 36.0758
-53 37.7698
-52 36.4943
-51 37.1422
-50 32.2887
-49 32.1347
-48 36.8974
-47 35.3756
-46 30.6591
-45 32.5751
-44 34.6604
-43 40.1702
-42 30.6406
-41 25.7693
-40 28.2896
-39 31.2093
-38 32.1903
-37 33.9277
-36 26.4862
-35 30.4325
-34 23.8085
-33 28.5341
-32 27.4416
-31 28.0045
-30 31.2903
-29 31.9751
-28 26.0921
-27 30.7372
-26 24.5413
-25 25.5116
-24 32.3182
-23 27.9779
-22 21.6829
-21 23.4880
-20 34.5184
-19 23.0116
-18 23.0156
-17 24.6203
-16 23.8618
-15 17.4401
-14 29.9550
-13 23.1302
-12 18.1579
-11 23.4840
-10 26.9933
-9 22.3518
-8 21.5134
-7 21.0569
-6 31.2525
-5 20.9467
-4 17.6376
-3 26.1244
-2 22.4122
-1 21.1515
0 17.8433
1 20.3889
2 22.6712
3 29.7204
4 24.2888
5 21.0883
6 22.3200
7 23.3828
8 26.3413
9 19.0553
10 26.2446
11 22.6359
12 28.3687
13 17.2648
14 26.5714
15 26.9301
16 19.3806
17 19.4516
18 27.4939
19 26.6511
20 23.6493
21 20.7183
22 21.2785
23 18.4148
24 26.5214
25 26.9209
26 25.9863
27 22.1938
28 20.9929
29 28.5661
30 26.0625
31 25.0871
32 28.4642
33 21.1382
34 21.3610
35 23.0929
36 33.8158
37 25.0911
38 27.8957
39 32.4756
40 23.0961
41 28.0897
42 26.7798
43 24.6038
44 26.5566
45 33.0377
46 24.5776
47 23.9912
48 30.2123
49 29.0974
50 26.0463
51 21.8484
52 27.7634
53 26.7299
54 29.0272
55 29.4109
56 27.9784
57 23.9896
58 29.7025
59 28.8326
60 30.6863
61 23.7748
62 28.6204
63 23.9055
64 29.1525
65 35.3593
66 24.0864
67 23.3944
68 31.8526
69 32.3209
70 26.5333
71 27.1504
72 30.5183
73 31.5418
74 33.4322
75 32.1894
76 29.5851
77 33.7685
78 30.2847
79 32.7073
80 37.7272
81 26.1970
82 34.0941
83 33.0218
84 25.0573
85 32.5352
86 30.3264
87 27.5697
88 30.2765
89 27.6075
90 27.8217
91 35.3001
92 30.9557
93 28.6246
94 34.1070
95 31.9586
96 29.0178
97 35.7832
98 28.4231
99 29.3142
100 33.1071
101 29.3318
102 29.4270
103 34.8398
104 26.7111
105 31.0702
106 26.3105
107 29.1771
108 32.4453
109 22.9938
110 32.0285
111 29.7663
112 28.7639
113 34.5454
114 30.6004
115 22.9518
116 34.7628
117 32.1072
118 26.0218
119 29.2342
120 29.8534
121 35.7759
122 21.8163
123 30.4976
124 29.3767
125 24.8447
126 29.5218
127 33.4317
128 27.3830
129 23.6719
130 25.5103
131 29.1726
132 21.8484
133 28.9125
134 28.9336
135 28.3449
136 24.6047
137 26.4418
138 23.1410
139 27.0784
140 30.5732
141 28.6407
142 26.9109
143 21.1104
144 23.2199
145 24.0117
146 21.7805
147 24.0331
148 22.0235
149 22.2896
150 24.6429
151 30.2148
152 19.7697
153 30.1067
154 26.3157
155 27.4951
156 22.2460
157 29.5105
158 22.9092
159 22.6276
160 20.3714
161 22.9824
162 21.0790
163 16.1433
164 22.8112
165 30.8421
166 19.9494
167 19.5205
168 21.7256
169 26.2480
170 27.2051
171 23.5451
172 27.6963
173 24.4075
174 22.5161
175 26.5672
176 22.4731
177 34.8216
178 22.5783
179 28.4555
180 25.2150
181 27.4551
