dih  Etot    EPtot   BOND   ANGLE  DIHED   1-4NB  1-4EEL  VDWAALS  EELEC EGB
-180 1.9388 -21.8472 5.4435 2.8766 18.5156 6.1446 27.5823 44.3715 -102.4396 -24.3417
-179 1.9388 -21.8472 5.4435 2.8766 18.5156 6.1446 27.5823 44.3715 -102.4396 -24.3417
-178 4.7550 -21.7527 5.4435 2.8766 18.5181 6.1446 27.5820 44.3715 -102.4240 -24.2650
-177 0.4526 -21.6528 5.4435 2.8766 18.5255 6.1446 27.5810 44.3715 -102.4090 -24.1866
-176 -1.3624 -21.5480 5.4435 2.8766 18.5379 6.1446 27.5794 44.3715 -102.3948 -24.1068
-175 2.3287 -21.4389 5.4435 2.8766 18.5552 6.1446 27.5772 44.3715 -102.3813 -24.0263
-174 4.5684 -21.3256 5.4435 2.8766 18.5775 6.1446 27.5744 44.3715 -102.3685 -23.9451
-173 5.0211 -21.2082 5.4435 2.8766 18.6046 6.1446 27.5709 44.3715 -102.3566 -23.8634
-172 -7.3065 -21.0868 5.4435 2.8766 18.6368 6.1446 27.5669 44.3715 -102.3455 -23.7811
-171 0.8069 -20.9615 5.4435 2.8766 18.6738 6.1446 27.5621 44.3715 -102.3352 -23.6984
-170 6.5178 -20.8323 5.4435 2.8766 18.7157 6.1446 27.5568 44.3715 -102.3258 -23.6153
-169 3.5305 -20.6994 5.4435 2.8766 18.7626 6.1446 27.5508 44.3715 -102.3172 -23.5317
-168 6.5068 -20.5629 5.4435 2.8766 18.8143 6.1446 27.5441 44.3715 -102.3096 -23.4479
-167 2.0590 -20.4227 5.4435 2.8766 18.8708 6.1446 27.5369 44.3715 -102.3028 -23.3638
-166 -1.3462 -20.2790 5.4435 2.8766 18.9322 6.1446 27.5290 44.3715 -102.2970 -23.2795
-165 -3.9145 -20.1320 5.4435 2.8766 18.9985 6.1446 27.5204 44.3715 -102.2921 -23.1950
-164 4.0150 -19.9816 5.4435 2.8766 19.0695 6.1446 27.5113 44.3715 -102.2882 -23.1104
-163 -3.9027 -19.8279 5.4435 2.8766 19.1453 6.1446 27.5015 44.3715 -102.2852 -23.0257
-162 0.1009 -19.6711 5.4435 2.8766 19.2258 6.1446 27.4910 44.3715 -102.2831 -22.9411
-161 1.9407 -19.5113 5.4435 2.8766 19.3110 6.1446 27.4799 44.3715 -102.2820 -22.8565
-160 8.2064 -19.3485 5.4435 2.8766 19.4010 6.1446 27.4682 44.3715 -102.2818 -22.7720
-159 1.7339 -19.1829 5.4435 2.8766 19.4955 6.1446 27.4558 44.3715 -102.2826 -22.6878
-158 -0.1674 -19.0144 5.4435 2.8766 19.5946 6.1446 27.4427 44.3715 -102.2843 -22.6038
-157 -1.0759 -18.8433 5.4435 2.8766 19.6983 6.1446 27.4291 44.3715 -102.2869 -22.5201
-156 12.2322 -18.6696 5.4435 2.8766 19.8065 6.1446 27.4147 44.3715 -102.2903 -22.4368
-155 8.2594 -18.4934 5.4435 2.8766 19.9191 6.1446 27.3998 44.3715 -102.2945 -22.3540
-154 8.8093 -18.3148 5.4435 2.8766 20.0361 6.1446 27.3841 44.3715 -102.2995 -22.2718
-153 5.7255 -18.1338 5.4435 2.8766 20.1575 6.1446 27.3678 44.3715 -102.3053 -22.1901
-152 4.7660 -17.9506 5.4435 2.8766 20.2831 6.1446 27.3509 44.3715 -102.3116 -22.1091
-151 7.1764 -17.7651 5.4435 2.8766 20.4129 6.1446 27.3333 44.3715 -102.3186 -22.0289
-150 8.7088 -17.5776 5.4435 2.8766 20.5467 6.1446 27.3150 44.3715 -102.3260 -21.9495
-149 7.1186 -17.3879 5.4435 2.8766 20.6847 6.1446 27.2961 44.3715 -102.3339 -21.8710
-148 6.4263 -17.1962 5.4435 2.8766 20.8265 6.1446 27.2765 44.3715 -102.3420 -21.7935
-147 3.3968 -17.0025 5.4435 2.8766 20.9723 6.1446 27.2563 44.3715 -102.3503 -21.7169
-146 4.7859 -16.8068 5.4435 2.8766 21.1217 6.1446 27.2354 44.3715 -102.3586 -21.6416
-145 6.8460 -16.6093 5.4435 2.8766 21.2749 6.1446 27.2138 44.3715 -102.3668 -21.5673
-144 7.4630 -16.4098 5.4435 2.8766 21.4315 6.1446 27.1915 44.3715 -102.3747 -21.4944
-143 12.0320 -16.2085 5.4435 2.8766 21.5916 6.1446 27.1686 44.3715 -102.3822 -21.4228
-142 3.8021 -16.0052 5.4435 2.8766 21.7551 6.1446 27.1450 44.3715 -102.3890 -21.3525
-141 8.1702 -15.8001 5.4435 2.8766 21.9217 6.1446 27.1208 44.3715 -102.3950 -21.2838
-140 7.1138 -15.5930 5.4435 2.8766 22.0914 6.1446 27.0959 44.3715 -102.3999 -21.2165
-139 7.7076 -15.3841 5.4435 2.8766 22.2640 6.1446 27.0703 44.3715 -102.4036 -21.1510
-138 3.7341 -15.1732 5.4435 2.8766 22.4393 6.1446 27.0440 44.3715 -102.4057 -21.0871
-137 7.4527 -14.9603 5.4435 2.8766 22.6173 6.1446 27.0170 44.3715 -102.4060 -21.0249
-136 3.5627 -14.7453 5.4435 2.8766 22.7978 6.1446 26.9894 44.3715 -102.4043 -20.9645
-135 12.1162 -14.5282 5.4435 2.8766 22.9806 6.1446 26.9611 44.3715 -102.4002 -20.9059
-134 6.3887 -14.3087 5.4435 2.8766 23.1656 6.1446 26.9321 44.3715 -102.3935 -20.8491
-133 11.6160 -14.0869 5.4435 2.8766 23.3525 6.1446 26.9025 44.3715 -102.3839 -20.7942
-132 5.6525 -13.8627 5.4435 2.8766 23.5413 6.1446 26.8721 44.3715 -102.3711 -20.7412
-131 6.2739 -13.6359 5.4435 2.8766 23.7317 6.1446 26.8411 44.3715 -102.3547 -20.6902
-130 -2.0482 -13.4065 5.4435 2.8766 23.9235 6.1446 26.8094 44.3715 -102.3345 -20.6411
-129 7.9826 -13.1744 5.4435 2.8766 24.1166 6.1446 26.7770 44.3715 -102.3101 -20.5942
-128 8.2332 -12.9400 5.4435 2.8766 24.3107 6.1446 26.7440 44.3715 -102.2812 -20.5497
-127 7.2207 -12.7031 5.4435 2.8766 24.5057 6.1446 26.7103 44.3715 -102.2475 -20.5078
-126 8.9809 -12.4636 5.4435 2.8766 24.7014 6.1446 26.6759 44.3715 -102.2087 -20.4683
-125 13.3989 -12.2214 5.4435 2.8766 24.8974 6.1446 26.6408 44.3715 -102.1645 -20.4313
-124 7.2038 -11.9764 5.4435 2.8766 25.0937 6.1446 26.6051 44.3715 -102.1147 -20.3968
-123 13.2646 -11.7286 5.4435 2.8766 25.2901 6.1446 26.5686 44.3715 -102.0589 -20.3647
-122 13.5502 -11.4779 5.4435 2.8766 25.4862 6.1446 26.5315 44.3715 -101.9968 -20.3351
-121 8.3177 -11.2244 5.4435 2.8766 25.6819 6.1446 26.4938 44.3715 -101.9284 -20.3079
-120 10.8183 -10.9681 5.4435 2.8766 25.8769 6.1446 26.4554 44.3715 -101.8533 -20.2833
-119 11.8548 -10.7091 5.4435 2.8766 26.0711 6.1446 26.4163 44.3715 -101.7714 -20.2613
-118 10.5341 -10.4474 5.4435 2.8766 26.2642 6.1446 26.3765 44.3715 -101.6825 -20.2418
-117 8.7031 -10.1830 5.4435 2.8766 26.4559 6.1446 26.3361 44.3715 -101.5866 -20.2247
-116 10.4874 -9.9161 5.4435 2.8766 26.6461 6.1446 26.2951 44.3715 -101.4836 -20.2099
-115 16.1508 -9.6468 5.4435 2.8766 26.8344 6.1446 26.2533 44.3715 -101.3734 -20.1974
-114 11.9335 -9.3752 5.4435 2.8766 27.0208 6.1446 26.2110 44.3715 -101.2560 -20.1872
-113 11.3329 -9.1016 5.4435 2.8766 27.2049 6.1446 26.1680 44.3715 -101.1316 -20.1791
-112 16.9414 -8.8263 5.4435 2.8766 27.3865 6.1446 26.1243 44.3715 -101.0001 -20.1732
-111 18.4016 -8.5495 5.4435 2.8766 27.5654 6.1446 26.0800 44.3715 -100.8619 -20.1693
-110 9.1696 -8.2718 5.4435 2.8766 27.7413 6.1446 26.0351 44.3715 -100.7170 -20.1674
-109 18.8326 -7.9933 5.4435 2.8766 27.9141 6.1446 25.9895 44.3715 -100.5657 -20.1675
-108 15.6397 -7.7147 5.4435 2.8766 28.0836 6.1446 25.9434 44.3715 -100.4084 -20.1695
-107 14.6793 -7.4364 5.4435 2.8766 28.2494 6.1446 25.8966 44.3715 -100.2453 -20.1733
-106 19.8552 -7.1590 5.4435 2.8766 28.4113 6.1446 25.8492 44.3715 -100.0769 -20.1788
-105 10.0812 -6.8830 5.4435 2.8766 28.5693 6.1446 25.8012 44.3715 -99.9036 -20.1861
-104 15.4644 -6.6092 5.4435 2.8766 28.7230 6.1446 25.7525 44.3715 -99.7260 -20.1950
-103 15.2529 -6.3381 5.4435 2.8766 28.8723 6.1446 25.7033 44.3715 -99.5445 -20.2055
-102 12.0229 -6.0704 5.4435 2.8766 29.0169 6.1446 25.6536 44.3715 -99.3596 -20.2175
-101 16.5073 -5.8070 5.4435 2.8766 29.1567 6.1446 25.6032 44.3715 -99.1721 -20.2310
-100 17.3581 -5.5484 5.4435 2.8766 29.2915 6.1446 25.5523 44.3715 -98.9826 -20.2458
-99 13.4346 -5.2956 5.4435 2.8766 29.4210 6.1446 25.5008 44.3715 -98.7916 -20.2621
-98 8.0821 -5.0493 5.4435 2.8766 29.5452 6.1446 25.4487 44.3715 -98.5999 -20.2796
-97 14.6767 -4.8102 5.4435 2.8766 29.6639 6.1446 25.3962 44.3715 -98.4082 -20.2984
-96 25.8849 -4.5792 5.4435 2.8766 29.7769 6.1446 25.3430 44.3715 -98.2171 -20.3183
-95 22.3201 -4.3571 5.4435 2.8766 29.8840 6.1446 25.2894 44.3715 -98.0274 -20.3394
-94 19.0660 -4.1446 5.4435 2.8766 29.9851 6.1446 25.2353 44.3715 -97.8397 -20.3615
-93 16.3659 -3.9425 5.4435 2.8766 30.0801 6.1446 25.1806 44.3715 -97.6548 -20.3846
-92 18.4575 -3.7515 5.4435 2.8766 30.1689 6.1446 25.1255 44.3715 -97.4734 -20.4087
-91 17.9191 -3.5724 5.4435 2.8766 30.2513 6.1446 25.0698 44.3715 -97.2960 -20.4337
-90 18.1068 -3.4058 5.4435 2.8766 30.3272 6.1446 25.0137 44.3715 -97.1234 -20.4596
-89 22.4115 -3.2524 5.4435 2.8766 30.3966 6.1446 24.9572 44.3715 -96.9561 -20.4863
-88 16.4676 -3.1127 5.4435 2.8766 30.4593 6.1446 24.9002 44.3715 -96.7947 -20.5137
-87 20.5780 -2.9874 5.4435 2.8766 30.5153 6.1446 24.8428 44.3715 -96.6398 -20.5419
-86 17.6943 -2.8769 5.4435 2.8766 30.5645 6.1446 24.7850 44.3715 -96.4918 -20.5708
-85 14.9858 -2.7816 5.4435 2.8766 30.6069 6.1446 24.7267 44.3715 -96.3513 -20.6002
-84 19.8063 -2.7019 5.4435 2.8766 30.6424 6.1446 24.6681 44.3715 -96.2185 -20.6301
-83 22.0668 -2.6381 5.4435 2.8766 30.6709 6.1446 24.6091 44.3715 -96.0939 -20.6604
-82 23.4345 -2.5904 5.4435 2.8766 30.6925 6.1446 24.5498 44.3715 -95.9777 -20.6911
-81 15.3937 -2.5590 5.4435 2.8766 30.7071 6.1446 24.4901 44.3715 -95.8703 -20.7221
-80 20.5535 -2.5443 5.4435 2.8766 30.7148 6.1446 24.4301 44.3715 -95.7719 -20.7535
-79 19.2168 -2.5462 5.4435 2.8766 30.7155 6.1446 24.3698 44.3715 -95.6825 -20.7852
-78 16.7418 -2.5648 5.4435 2.8766 30.7093 6.1446 24.3092 44.3715 -95.6023 -20.8172
-77 25.5596 -2.6002 5.4435 2.8766 30.6962 6.1446 24.2483 44.3715 -95.5314 -20.8495
-76 19.2537 -2.6521 5.4435 2.8766 30.6762 6.1446 24.1872 44.3715 -95.4698 -20.8819
-75 17.3819 -2.7203 5.4435 2.8766 30.6494 6.1446 24.1259 44.3715 -95.4174 -20.9144
-74 18.1206 -2.8044 5.4435 2.8766 30.6158 6.1446 24.0643 44.3715 -95.3742 -20.9466
-73 17.5410 -2.9039 5.4435 2.8766 30.5756 6.1446 24.0026 44.3715 -95.3400 -20.9783
-72 19.9637 -3.0185 5.4435 2.8766 30.5288 6.1446 23.9407 44.3715 -95.3148 -21.0094
-71 14.7033 -3.1478 5.4435 2.8766 30.4756 6.1446 23.8786 44.3715 -95.2984 -21.0398
-70 20.9136 -3.2915 5.4435 2.8766 30.4159 6.1446 23.8165 44.3715 -95.2905 -21.0696
-69 15.9650 -3.4491 5.4435 2.8766 30.3499 6.1446 23.7542 44.3715 -95.2909 -21.0986
-68 16.6855 -3.6202 5.4435 2.8766 30.2778 6.1446 23.6918 44.3715 -95.2993 -21.1268
-67 15.7898 -3.8044 5.4435 2.8766 30.1997 6.1446 23.6294 44.3715 -95.3155 -21.1542
-66 17.8809 -4.0011 5.4435 2.8766 30.1157 6.1446 23.5669 44.3715 -95.3392 -21.1807
-65 20.3826 -4.2098 5.4435 2.8766 30.0260 6.1446 23.5045 44.3715 -95.3701 -21.2064
-64 15.8883 -4.4302 5.4435 2.8766 29.9308 6.1446 23.4420 44.3715 -95.4079 -21.2313
-63 18.5595 -4.6615 5.4435 2.8766 29.8301 6.1446 23.3796 44.3715 -95.4522 -21.2552
-62 15.1708 -4.9032 5.4435 2.8766 29.7242 6.1446 23.3173 44.3715 -95.5026 -21.2783
-61 12.8352 -5.1549 5.4435 2.8766 29.6133 6.1446 23.2550 44.3715 -95.5590 -21.3005
-60 11.1148 -5.4160 5.4435 2.8766 29.4975 6.1446 23.1929 44.3715 -95.6209 -21.3218
-59 10.9975 -5.6859 5.4435 2.8766 29.3771 6.1446 23.1309 44.3715 -95.6880 -21.3422
-58 19.6961 -5.9640 5.4435 2.8766 29.2522 6.1446 23.0691 44.3715 -95.7599 -21.3617
-57 15.8830 -6.2499 5.4435 2.8766 29.1232 6.1446 23.0075 44.3715 -95.8364 -21.3803
-56 17.9506 -6.5429 5.4435 2.8766 28.9900 6.1446 22.9461 44.3715 -95.9171 -21.3981
-55 16.6756 -6.8425 5.4435 2.8766 28.8531 6.1446 22.8850 44.3715 -96.0018 -21.4150
-54 15.0651 -7.1481 5.4435 2.8766 28.7126 6.1446 22.8241 44.3715 -96.0900 -21.4311
-53 6.4433 -7.4593 5.4435 2.8766 28.5688 6.1446 22.7636 44.3715 -96.1815 -21.4464
-52 14.6517 -7.7755 5.4435 2.8766 28.4219 6.1446 22.7035 44.3715 -96.2761 -21.4610
-51 7.2743 -8.0961 5.4435 2.8766 28.2721 6.1446 22.6437 44.3715 -96.3734 -21.4747
-50 8.6190 -8.4207 5.4435 2.8766 28.1196 6.1446 22.5843 44.3715 -96.4732 -21.4877
-49 16.2029 -8.7488 5.4435 2.8766 27.9648 6.1446 22.5254 44.3715 -96.5752 -21.5001
-48 14.0125 -9.0799 5.4435 2.8766 27.8078 6.1446 22.4669 44.3715 -96.6791 -21.5117
-47 17.4696 -9.4135 5.4435 2.8766 27.6490 6.1446 22.4090 44.3715 -96.7849 -21.5228
-46 12.5121 -9.7491 5.4435 2.8766 27.4885 6.1446 22.3515 44.3715 -96.8921 -21.5332
-45 13.6111 -10.0862 5.4435 2.8766 27.3266 6.1446 22.2947 44.3715 -97.0007 -21.5431
-44 15.5563 -10.4245 5.4435 2.8766 27.1636 6.1446 22.2384 44.3715 -97.1104 -21.5524
-43 16.2378 -10.7634 5.4435 2.8766 26.9997 6.1446 22.1828 44.3715 -97.2210 -21.5612
-42 15.6961 -11.1026 5.4435 2.8766 26.8352 6.1446 22.1278 44.3715 -97.3323 -21.5695
-41 12.3827 -11.4416 5.4435 2.8766 26.6703 6.1446 22.0735 44.3715 -97.4443 -21.5773
-40 12.3130 -11.7800 5.4435 2.8766 26.5052 6.1446 22.0200 44.3715 -97.5567 -21.5848
-39 6.8099 -12.1175 5.4435 2.8766 26.3403 6.1446 21.9672 44.3715 -97.6693 -21.5919
-38 3.9992 -12.4535 5.4435 2.8766 26.1758 6.1446 21.9152 44.3715 -97.7821 -21.5986
-37 6.3458 -12.7879 5.4435 2.8766 26.0118 6.1446 21.8640 44.3715 -97.8949 -21.6050
-36 8.3006 -13.1201 5.4435 2.8766 25.8488 6.1446 21.8136 44.3715 -98.0076 -21.6111
-35 -0.0480 -13.4499 5.4435 2.8766 25.6868 6.1446 21.7642 44.3715 -98.1202 -21.6170
-34 3.6991 -13.7769 5.4435 2.8766 25.5262 6.1446 21.7157 44.3715 -98.2323 -21.6227
-33 8.3417 -14.1008 5.4435 2.8766 25.3672 6.1446 21.6681 44.3715 -98.3441 -21.6282
-32 11.2499 -14.4204 5.4435 2.8766 25.2100 6.1446 21.6215 44.3715 -98.4554 -21.6328
-31 11.6377 -14.7352 5.4435 2.8766 25.0548 6.1446 21.5759 44.3715 -98.5661 -21.6360
-30 9.7195 -15.0448 5.4435 2.8766 24.9019 6.1446 21.5314 44.3715 -98.6761 -21.6382
-29 12.1405 -15.3492 5.4435 2.8766 24.7515 6.1446 21.4879 44.3715 -98.7855 -21.6394
-28 1.7788 -15.6480 5.4435 2.8766 24.6038 6.1446 21.4455 44.3715 -98.8940 -21.6396
-27 8.4295 -15.9412 5.4435 2.8766 24.4590 6.1446 21.4043 44.3715 -99.0017 -21.6391
-26 5.0345 -16.2285 5.4435 2.8766 24.3174 6.1446 21.3642 44.3715 -99.1084 -21.6378
-25 7.8710 -16.5097 5.4435 2.8766 24.1790 6.1446 21.3253 44.3715 -99.2143 -21.6360
-24 9.6192 -16.7846 5.4435 2.8766 24.0442 6.1446 21.2876 44.3715 -99.3191 -21.6336
-23 2.8794 -17.0532 5.4435 2.8766 23.9131 6.1446 21.2512 44.3715 -99.4230 -21.6308
-22 4.7927 -17.3155 5.4435 2.8766 23.7859 6.1446 21.2160 44.3715 -99.5257 -21.6279
-21 2.7594 -17.5711 5.4435 2.8766 23.6627 6.1446 21.1822 44.3715 -99.6274 -21.6248
-20 2.7196 -17.8199 5.4435 2.8766 23.5438 6.1446 21.1496 44.3715 -99.7279 -21.6216
-19 1.2061 -18.0619 5.4435 2.8766 23.4293 6.1446 21.1184 44.3715 -99.8273 -21.6185
-18 2.4333 -18.2967 5.4435 2.8766 23.3194 6.1446 21.0886 44.3715 -99.9255 -21.6153
-17 4.7813 -18.5244 5.4435 2.8766 23.2141 6.1446 21.0601 44.3715 -100.0226 -21.6123
-16 5.2285 -18.7447 5.4435 2.8766 23.1137 6.1446 21.0331 44.3715 -100.1184 -21.6093
-15 8.0608 -18.9576 5.4435 2.8766 23.0183 6.1446 21.0074 44.3715 -100.2130 -21.6066
-14 7.2016 -19.1629 5.4435 2.8766 22.9281 6.1446 20.9833 44.3715 -100.3064 -21.6041
-13 1.0061 -19.3606 5.4435 2.8766 22.8430 6.1446 20.9606 44.3715 -100.3985 -21.6019
-12 3.6045 -19.5504 5.4435 2.8766 22.7634 6.1446 20.9394 44.3715 -100.4894 -21.6000
-11 1.3606 -19.7324 5.4435 2.8766 22.6892 6.1446 20.9197 44.3715 -100.5791 -21.5985
-10 3.0892 -19.9065 5.4435 2.8766 22.6205 6.1446 20.9015 44.3715 -100.6674 -21.5973
-9 1.5044 -20.0726 5.4435 2.8766 22.5576 6.1446 20.8848 44.3715 -100.7546 -21.5967
-8 9.3334 -20.2306 5.4435 2.8766 22.5003 6.1446 20.8697 44.3715 -100.8404 -21.5965
-7 11.4460 -20.3805 5.4435 2.8766 22.4489 6.1446 20.8562 44.3715 -100.9250 -21.5968
-6 9.4325 -20.5222 5.4435 2.8766 22.4034 6.1446 20.8442 44.3715 -101.0083 -21.5977
-5 9.0695 -20.6557 5.4435 2.8766 22.3638 6.1446 20.8338 44.3715 -101.0904 -21.5992
-4 -5.0325 -20.7810 5.4435 2.8766 22.3302 6.1446 20.8250 44.3715 -101.1712 -21.6013
-3 -0.4105 -20.8981 5.4435 2.8766 22.3027 6.1446 20.8178 44.3715 -101.2507 -21.6040
-2 -3.0957 -21.0069 5.4435 2.8766 22.2812 6.1446 20.8121 44.3715 -101.3290 -21.6075
-1 3.4451 -21.1075 5.4435 2.8766 22.2659 6.1446 20.8081 44.3715 -101.4061 -21.6116
0 10.0597 -21.1998 5.4435 2.8766 22.2567 6.1446 20.8057 44.3715 -101.4819 -21.6165
1 2.6395 -21.2839 5.4435 2.8766 22.2536 6.1446 20.8049 44.3715 -101.5565 -21.6222
2 3.2981 -21.3598 5.4435 2.8766 22.2567 6.1446 20.8057 44.3715 -101.6298 -21.6286
3 1.7820 -21.4276 5.4435 2.8766 22.2659 6.1446 20.8081 44.3715 -101.7019 -21.6359
4 3.4450 -21.4872 5.4435 2.8766 22.2812 6.1446 20.8121 44.3715 -101.7728 -21.6440
5 4.0008 -21.5388 5.4435 2.8766 22.3027 6.1446 20.8178 44.3715 -101.8426 -21.6529
6 3.6123 -21.5823 5.4435 2.8766 22.3302 6.1446 20.8250 44.3715 -101.9111 -21.6626
7 -0.7427 -21.6174 5.4435 2.8766 22.3638 6.1446 20.8338 44.3715 -101.9784 -21.6728
8 4.2120 -21.6438 5.4435 2.8766 22.4034 6.1446 20.8442 44.3715 -102.0445 -21.6831
9 3.1064 -21.6617 5.4435 2.8766 22.4489 6.1446 20.8562 44.3715 -102.1095 -21.6935
10 -1.6349 -21.6712 5.4435 2.8766 22.5003 6.1446 20.8697 44.3715 -102.1733 -21.7042
11 3.6006 -21.6724 5.4435 2.8766 22.5576 6.1446 20.8848 44.3715 -102.2360 -21.7151
12 9.7764 -21.6656 5.4435 2.8766 22.6205 6.1446 20.9015 44.3715 -102.2975 -21.7263
13 -1.9109 -21.6508 5.4435 2.8766 22.6892 6.1446 20.9197 44.3715 -102.3579 -21.7379
14 7.1016 -21.6282 5.4435 2.8766 22.7634 6.1446 20.9394 44.3715 -102.4172 -21.7500
15 5.7942 -21.5980 5.4435 2.8766 22.8430 6.1446 20.9606 44.3715 -102.4754 -21.7625
16 2.3718 -21.5604 5.4435 2.8766 22.9281 6.1446 20.9833 44.3715 -102.5324 -21.7756
17 -3.3040 -21.5156 5.4435 2.8766 23.0183 6.1446 21.0074 44.3715 -102.5884 -21.7893
18 -2.3326 -21.4638 5.4435 2.8766 23.1137 6.1446 21.0331 44.3715 -102.6433 -21.8035
19 0.9664 -21.4051 5.4435 2.8766 23.2141 6.1446 21.0601 44.3715 -102.6971 -21.8184
20 3.7137 -21.3397 5.4435 2.8766 23.3194 6.1446 21.0886 44.3715 -102.7498 -21.8340
21 -6.0931 -21.2679 5.4435 2.8766 23.4293 6.1446 21.1184 44.3715 -102.8016 -21.8503
22 -0.3434 -21.1898 5.4435 2.8766 23.5438 6.1446 21.1496 44.3715 -102.8522 -21.8673
23 0.0113 -21.1057 5.4435 2.8766 23.6627 6.1446 21.1822 44.3715 -102.9018 -21.8850
24 2.6358 -21.0158 5.4435 2.8766 23.7859 6.1446 21.2160 44.3715 -102.9504 -21.9035
25 -7.1486 -20.9203 5.4435 2.8766 23.9131 6.1446 21.2512 44.3715 -102.9980 -21.9228
26 2.5952 -20.8194 5.4435 2.8766 24.0442 6.1446 21.2876 44.3715 -103.0446 -21.9429
27 9.3190 -20.7133 5.4435 2.8766 24.1790 6.1446 21.3253 44.3715 -103.0902 -21.9637
28 3.3627 -20.6024 5.4435 2.8766 24.3174 6.1446 21.3642 44.3715 -103.1348 -21.9854
29 6.0496 -20.4867 5.4435 2.8766 24.4590 6.1446 21.4043 44.3715 -103.1784 -22.0079
30 2.8991 -20.3666 5.4435 2.8766 24.6038 6.1446 21.4455 44.3715 -103.2211 -22.0311
31 2.2357 -20.2424 5.4435 2.8766 24.7515 6.1446 21.4879 44.3715 -103.2628 -22.0552
32 -0.2390 -20.1141 5.4435 2.8766 24.9019 6.1446 21.5314 44.3715 -103.3035 -22.0801
33 -2.1424 -19.9822 5.4435 2.8766 25.0548 6.1446 21.5759 44.3715 -103.3433 -22.1058
34 7.5598 -19.8468 5.4435 2.8766 25.2100 6.1446 21.6215 44.3715 -103.3822 -22.1324
35 6.5487 -19.7083 5.4435 2.8766 25.3672 6.1446 21.6681 44.3715 -103.4202 -22.1597
36 1.8058 -19.5668 5.4435 2.8766 25.5262 6.1446 21.7157 44.3715 -103.4572 -22.1878
37 2.2637 -19.4227 5.4435 2.8766 25.6868 6.1446 21.7642 44.3715 -103.4933 -22.2167
38 -1.0180 -19.2762 5.4435 2.8766 25.8488 6.1446 21.8136 44.3715 -103.5285 -22.2464
39 2.2748 -19.1276 5.4435 2.8766 26.0118 6.1446 21.8640 44.3715 -103.5629 -22.2768
40 0.8274 -18.9772 5.4435 2.8766 26.1758 6.1446 21.9152 44.3715 -103.5963 -22.3080
41 1.4680 -18.8252 5.4435 2.8766 26.3403 6.1446 21.9672 44.3715 -103.6289 -22.3400
42 2.0515 -18.6718 5.4435 2.8766 26.5052 6.1446 22.0200 44.3715 -103.6606 -22.3727
43 14.0828 -18.5175 5.4435 2.8766 26.6703 6.1446 22.0735 44.3715 -103.6914 -22.4061
44 0.6478 -18.3624 5.4435 2.8766 26.8352 6.1446 22.1278 44.3715 -103.7214 -22.4402
45 0.9280 -18.2068 5.4435 2.8766 26.9997 6.1446 22.1828 44.3715 -103.7505 -22.4750
46 3.8919 -18.0511 5.4435 2.8766 27.1636 6.1446 22.2384 44.3715 -103.7788 -22.5105
47 6.6338 -17.8954 5.4435 2.8766 27.3266 6.1446 22.2947 44.3715 -103.8062 -22.5467
48 2.2022 -17.7400 5.4435 2.8766 27.4885 6.1446 22.3515 44.3715 -103.8328 -22.5834
49 4.1051 -17.5853 5.4435 2.8766 27.6490 6.1446 22.4090 44.3715 -103.8586 -22.6208
50 0.9754 -17.4315 5.4435 2.8766 27.8078 6.1446 22.4669 44.3715 -103.8836 -22.6588
51 4.4873 -17.2788 5.4435 2.8766 27.9648 6.1446 22.5254 44.3715 -103.9078 -22.6974
52 1.9737 -17.1275 5.4435 2.8766 28.1196 6.1446 22.5843 44.3715 -103.9311 -22.7366
53 6.5184 -16.9780 5.4435 2.8766 28.2721 6.1446 22.6437 44.3715 -103.9537 -22.7763
54 3.8545 -16.8304 5.4435 2.8766 28.4219 6.1446 22.7035 44.3715 -103.9754 -22.8165
55 2.3052 -16.6850 5.4435 2.8766 28.5688 6.1446 22.7636 44.3715 -103.9964 -22.8572
56 7.8683 -16.5420 5.4435 2.8766 28.7126 6.1446 22.8241 44.3715 -104.0166 -22.8984
57 -0.0308 -16.4018 5.4435 2.8766 28.8531 6.1446 22.8850 44.3715 -104.0360 -22.9401
58 9.8072 -16.2645 5.4435 2.8766 28.9900 6.1446 22.9461 44.3715 -104.0547 -22.9822
59 3.0899 -16.1304 5.4435 2.8766 29.1231 6.1446 23.0075 44.3715 -104.0726 -23.0247
60 6.4735 -15.9998 5.4435 2.8766 29.2522 6.1446 23.0691 44.3715 -104.0897 -23.0676
61 8.0542 -15.8727 5.4435 2.8766 29.3771 6.1446 23.1309 44.3715 -104.1060 -23.1109
62 3.2185 -15.7496 5.4435 2.8766 29.4975 6.1446 23.1929 44.3715 -104.1216 -23.1545
63 6.7460 -15.6305 5.4435 2.8766 29.6133 6.1446 23.2550 44.3715 -104.1365 -23.1985
64 9.5505 -15.5157 5.4435 2.8766 29.7242 6.1446 23.3173 44.3715 -104.1506 -23.2428
65 13.1450 -15.4054 5.4435 2.8766 29.8301 6.1446 23.3796 44.3715 -104.1640 -23.2873
66 3.8088 -15.2997 5.4435 2.8766 29.9308 6.1446 23.4420 44.3715 -104.1767 -23.3321
67 6.8497 -15.1989 5.4435 2.8766 30.0260 6.1446 23.5045 44.3715 -104.1886 -23.3771
68 8.0723 -15.1032 5.4435 2.8766 30.1157 6.1446 23.5669 44.3715 -104.1998 -23.4223
69 3.3090 -15.0126 5.4435 2.8766 30.1997 6.1446 23.6294 44.3715 -104.2102 -23.4677
70 3.3152 -14.9274 5.4435 2.8766 30.2778 6.1446 23.6918 44.3715 -104.2200 -23.5133
71 12.6029 -14.8477 5.4435 2.8766 30.3499 6.1446 23.7542 44.3715 -104.2290 -23.5590
72 5.8870 -14.7737 5.4435 2.8766 30.4159 6.1446 23.8165 44.3715 -104.2374 -23.6048
73 11.9140 -14.7053 5.4435 2.8766 30.4756 6.1446 23.8786 44.3715 -104.2450 -23.6508
74 7.5849 -14.6429 5.4435 2.8766 30.5288 6.1446 23.9407 44.3715 -104.2520 -23.6967
75 9.3340 -14.5865 5.4435 2.8766 30.5756 6.1446 24.0026 44.3715 -104.2582 -23.7428
76 2.8642 -14.5361 5.4435 2.8766 30.6158 6.1446 24.0643 44.3715 -104.2637 -23.7888
77 4.6946 -14.4919 5.4435 2.8766 30.6494 6.1446 24.1259 44.3715 -104.2686 -23.8348
78 14.5748 -14.4540 5.4435 2.8766 30.6762 6.1446 24.1872 44.3715 -104.2728 -23.8808
79 6.3289 -14.4223 5.4435 2.8766 30.6961 6.1446 24.2483 44.3715 -104.2763 -23.9268
80 4.6506 -14.3970 5.4435 2.8766 30.7093 6.1446 24.3092 44.3715 -104.2791 -23.9726
81 10.0718 -14.3781 5.4435 2.8766 30.7155 6.1446 24.3698 44.3715 -104.2812 -24.0184
82 15.0943 -14.3657 5.4435 2.8766 30.7148 6.1446 24.4301 44.3715 -104.2827 -24.0641
83 9.1034 -14.3597 5.4435 2.8766 30.7071 6.1446 24.4901 44.3715 -104.2835 -24.1095
84 4.0594 -14.3601 5.4435 2.8766 30.6925 6.1446 24.5498 44.3715 -104.2837 -24.1549
85 6.4139 -14.3670 5.4435 2.8766 30.6709 6.1446 24.6091 44.3715 -104.2832 -24.2000
86 7.9399 -14.3803 5.4435 2.8766 30.6424 6.1446 24.6681 44.3715 -104.2821 -24.2449
87 10.7785 -14.4000 5.4435 2.8766 30.6069 6.1446 24.7267 44.3715 -104.2803 -24.2896
88 8.9660 -14.4261 5.4435 2.8766 30.5645 6.1446 24.7850 44.3715 -104.2778 -24.3340
89 2.3130 -14.4585 5.4435 2.8766 30.5153 6.1446 24.8428 44.3715 -104.2747 -24.3781
90 9.3829 -14.4971 5.4435 2.8766 30.4593 6.1446 24.9002 44.3715 -104.2710 -24.4219
91 14.7594 -14.5420 5.4435 2.8766 30.3966 6.1446 24.9572 44.3715 -104.2667 -24.4653
92 3.2642 -14.5929 5.4435 2.8766 30.3272 6.1446 25.0137 44.3715 -104.2617 -24.5084
93 7.8251 -14.6499 5.4435 2.8766 30.2513 6.1446 25.0698 44.3715 -104.2561 -24.5511
94 9.3743 -14.7127 5.4435 2.8766 30.1689 6.1446 25.1255 44.3715 -104.2499 -24.5934
95 8.4958 -14.7814 5.4435 2.8766 30.0801 6.1446 25.1806 44.3715 -104.2430 -24.6353
96 5.9899 -14.8557 5.4435 2.8766 29.9851 6.1446 25.2353 44.3715 -104.2356 -24.6767
97 9.8049 -14.9356 5.4435 2.8766 29.8840 6.1446 25.2894 44.3715 -104.2276 -24.7177
98 9.7292 -15.0209 5.4435 2.8766 29.7769 6.1446 25.3430 44.3715 -104.2189 -24.7581
99 3.0081 -15.1114 5.4435 2.8766 29.6639 6.1446 25.3962 44.3715 -104.2097 -24.7980
100 6.4571 -15.2070 5.4435 2.8766 29.5452 6.1446 25.4487 44.3715 -104.1999 -24.8374
101 5.3349 -15.3076 5.4435 2.8766 29.4210 6.1446 25.5008 44.3715 -104.1895 -24.8762
102 8.3266 -15.4129 5.4435 2.8766 29.2915 6.1446 25.5523 44.3715 -104.1785 -24.9144
103 3.0272 -15.5228 5.4435 2.8766 29.1567 6.1446 25.6032 44.3715 -104.1669 -24.9520
104 3.6163 -15.6370 5.4435 2.8766 29.0169 6.1446 25.6536 44.3715 -104.1548 -24.9889
105 2.5899 -15.7555 5.4435 2.8766 28.8723 6.1446 25.7033 44.3715 -104.1422 -25.0252
106 9.4474 -15.8779 5.4435 2.8766 28.7230 6.1446 25.7525 44.3715 -104.1289 -25.0608
107 9.4711 -16.0042 5.4435 2.8766 28.5693 6.1446 25.8012 44.3715 -104.1152 -25.0957
108 4.0415 -16.1339 5.4435 2.8766 28.4113 6.1446 25.8492 44.3715 -104.1009 -25.1298
109 9.2336 -16.2671 5.4435 2.8766 28.2494 6.1446 25.8966 44.3715 -104.0860 -25.1632
110 2.2803 -16.4034 5.4435 2.8766 28.0836 6.1446 25.9434 44.3715 -104.0707 -25.1958
111 9.5750 -16.5426 5.4435 2.8766 27.9141 6.1446 25.9895 44.3715 -104.0548 -25.2276
112 4.6764 -16.6844 5.4435 2.8766 27.7414 6.1446 26.0351 44.3715 -104.0384 -25.2586
113 3.5018 -16.8288 5.4435 2.8766 27.5654 6.1446 26.0800 44.3715 -104.0216 -25.2888
114 7.4544 -16.9753 5.4435 2.8766 27.3865 6.1446 26.1243 44.3715 -104.0042 -25.3181
115 8.7851 -17.1238 5.4435 2.8766 27.2049 6.1446 26.1680 44.3715 -103.9864 -25.3465
116 5.9490 -17.2741 5.4435 2.8766 27.0208 6.1446 26.2110 44.3715 -103.9680 -25.3740
117 13.2170 -17.4258 5.4435 2.8766 26.8344 6.1446 26.2533 44.3715 -103.9493 -25.4006
118 4.3629 -17.5789 5.4435 2.8766 26.6461 6.1446 26.2951 44.3715 -103.9300 -25.4262
119 2.4658 -17.7330 5.4435 2.8766 26.4559 6.1446 26.3361 44.3715 -103.9104 -25.4508
120 8.3646 -17.8878 5.4435 2.8766 26.2642 6.1446 26.3765 44.3715 -103.8902 -25.4745
121 -3.0332 -18.0433 5.4435 2.8766 26.0711 6.1446 26.4163 44.3715 -103.8697 -25.4971
122 8.3964 -18.1990 5.4435 2.8766 25.8769 6.1446 26.4554 44.3715 -103.8488 -25.5188
123 0.9727 -18.3549 5.4435 2.8766 25.6819 6.1446 26.4938 44.3715 -103.8274 -25.5393
124 12.8438 -18.5106 5.4435 2.8766 25.4862 6.1446 26.5315 44.3715 -103.8057 -25.5588
125 10.1372 -18.6659 5.4435 2.8766 25.2901 6.1446 26.5686 44.3715 -103.7836 -25.5772
126 6.6759 -18.8206 5.4435 2.8766 25.0937 6.1446 26.6051 44.3715 -103.7612 -25.5945
127 6.4058 -18.9745 5.4435 2.8766 24.8974 6.1446 26.6408 44.3715 -103.7383 -25.6107
128 2.0592 -19.1274 5.4435 2.8766 24.7014 6.1446 26.6759 44.3715 -103.7152 -25.6257
129 4.4713 -19.2790 5.4435 2.8766 24.5057 6.1446 26.7103 44.3715 -103.6917 -25.6395
130 12.4665 -19.4292 5.4435 2.8766 24.3107 6.1446 26.7440 44.3715 -103.6679 -25.6522
131 3.4656 -19.5777 5.4435 2.8766 24.1166 6.1446 26.7770 44.3715 -103.6439 -25.6637
132 13.0246 -19.7243 5.4435 2.8766 23.9235 6.1446 26.8094 44.3715 -103.6195 -25.6740
133 9.5477 -19.8688 5.4435 2.8766 23.7317 6.1446 26.8411 44.3715 -103.5949 -25.6830
134 4.1465 -20.0111 5.4435 2.8766 23.5413 6.1446 26.8721 44.3715 -103.5700 -25.6908
135 -0.1421 -20.1510 5.4435 2.8766 23.3526 6.1446 26.9025 44.3715 -103.5449 -25.6973
136 -1.5879 -20.2882 5.4435 2.8766 23.1656 6.1446 26.9321 44.3715 -103.5195 -25.7026
137 2.5452 -20.4227 5.4435 2.8766 22.9806 6.1446 26.9611 44.3715 -103.4940 -25.7066
138 3.7545 -20.5541 5.4435 2.8766 22.7978 6.1446 26.9894 44.3715 -103.4683 -25.7093
139 -4.0967 -20.6825 5.4435 2.8766 22.6173 6.1446 27.0170 44.3715 -103.4424 -25.7107
140 8.5040 -20.8076 5.4435 2.8766 22.4393 6.1446 27.0440 44.3715 -103.4163 -25.7108
141 -0.6162 -20.9292 5.4435 2.8766 22.2640 6.1446 27.0703 44.3715 -103.3901 -25.7096
142 -1.0199 -21.0473 5.4435 2.8766 22.0914 6.1446 27.0959 44.3715 -103.3638 -25.7070
143 2.6945 -21.1617 5.4435 2.8766 21.9217 6.1446 27.1208 44.3715 -103.3374 -25.7030
144 -0.0171 -21.2723 5.4435 2.8766 21.7551 6.1446 27.1450 44.3715 -103.3109 -25.6977
145 4.1924 -21.3789 5.4435 2.8766 21.5916 6.1446 27.1686 44.3715 -103.2843 -25.6911
146 0.1346 -21.4814 5.4435 2.8766 21.4315 6.1446 27.1915 44.3715 -103.2577 -25.6830
147 -2.6586 -21.5797 5.4435 2.8766 21.2749 6.1446 27.2138 44.3715 -103.2310 -25.6736
148 -1.3372 -21.6737 5.4435 2.8766 21.1217 6.1446 27.2354 44.3715 -103.2043 -25.6627
149 3.6189 -21.7633 5.4435 2.8766 20.9723 6.1446 27.2563 44.3715 -103.1776 -25.6505
150 1.2078 -21.8485 5.4435 2.8766 20.8265 6.1446 27.2765 44.3715 -103.1510 -25.6368
151 2.0884 -21.9290 5.4435 2.8766 20.6847 6.1446 27.2961 44.3715 -103.1244 -25.6216
152 -1.6714 -22.0048 5.4435 2.8766 20.5467 6.1446 27.3150 44.3715 -103.0978 -25.6050
153 2.1362 -22.0759 5.4435 2.8766 20.4129 6.1446 27.3333 44.3715 -103.0713 -25.5870
154 -0.2566 -22.1422 5.4435 2.8766 20.2831 6.1446 27.3509 44.3715 -103.0449 -25.5674
155 1.4578 -22.2035 5.4435 2.8766 20.1575 6.1446 27.3678 44.3715 -103.0187 -25.5463
156 -1.9057 -22.2598 5.4435 2.8766 20.0361 6.1446 27.3841 44.3715 -102.9925 -25.5238
157 -5.3127 -22.3111 5.4435 2.8766 19.9191 6.1446 27.3998 44.3715 -102.9666 -25.4996
158 2.9077 -22.3572 5.4435 2.8766 19.8065 6.1446 27.4147 44.3715 -102.9407 -25.4740
159 3.2849 -22.3982 5.4435 2.8766 19.6983 6.1446 27.4291 44.3715 -102.9151 -25.4467
160 1.0424 -22.4339 5.4435 2.8766 19.5946 6.1446 27.4427 44.3715 -102.8897 -25.4178
161 -1.4932 -22.4643 5.4435 2.8766 19.4955 6.1446 27.4558 44.3715 -102.8645 -25.3873
162 -1.3320 -22.4893 5.4435 2.8766 19.4010 6.1446 27.4682 44.3715 -102.8396 -25.3551
163 -3.6053 -22.5088 5.4435 2.8766 19.3110 6.1446 27.4799 44.3715 -102.8149 -25.3211
164 4.3719 -22.5229 5.4435 2.8766 19.2258 6.1446 27.4910 44.3715 -102.7905 -25.2855
165 -2.9790 -22.5315 5.4435 2.8766 19.1453 6.1446 27.5015 44.3715 -102.7664 -25.2480
166 -2.0515 -22.5344 5.4435 2.8766 19.0695 6.1446 27.5113 44.3715 -102.7427 -25.2087
167 -3.5981 -22.5317 5.4435 2.8766 18.9985 6.1446 27.5204 44.3715 -102.7193 -25.1675
168 -0.6699 -22.5232 5.4435 2.8766 18.9322 6.1446 27.5290 44.3715 -102.6962 -25.1244
169 -1.1084 -22.5089 5.4435 2.8766 18.8708 6.1446 27.5369 44.3715 -102.6736 -25.0793
170 -0.0009 -22.4886 5.4435 2.8766 18.8143 6.1446 27.5441 44.3715 -102.6513 -25.0319
171 -3.4829 -22.4622 5.4435 2.8766 18.7626 6.1446 27.5508 44.3715 -102.6295 -24.9822
172 1.9149 -22.4295 5.4435 2.8766 18.7157 6.1446 27.5568 44.3715 -102.6081 -24.9301
173 3.1793 -22.3905 5.4435 2.8766 18.6738 6.1446 27.5621 44.3715 -102.5872 -24.8754
174 3.4069 -22.3451 5.4435 2.8766 18.6368 6.1446 27.5669 44.3715 -102.5668 -24.8181
175 3.7123 -22.2932 5.4435 2.8766 18.6046 6.1446 27.5709 44.3715 -102.5469 -24.7581
176 2.7653 -22.2346 5.4435 2.8766 18.5775 6.1446 27.5744 44.3715 -102.5276 -24.6951
177 -2.0521 -22.1693 5.4435 2.8766 18.5552 6.1446 27.5772 44.3715 -102.5088 -24.6292
178 -0.8358 -22.0972 5.4435 2.8766 18.5379 6.1446 27.5794 44.3715 -102.4905 -24.5602
179 -3.7035 -22.0194 5.4435 2.8766 18.5255 6.1446 27.5810 44.3715 -102.4729 -24.4892
180 -2.5528 -21.9361 5.4435 2.8766 18.5181 6.1446 27.5820 44.3715 -102.4559 -24.4164
