-180 18.5156
-179 18.5156
-178 18.5181
-177 18.5255
-176 18.5379
-175 18.5552
-174 18.5775
-173 18.6046
-172 18.6368
-171 18.6738
-170 18.7157
-169 18.7626
-168 18.8143
-167 18.8708
-166 18.9322
-165 18.9985
-164 19.0695
-163 19.1453
-162 19.2258
-161 19.3110
-160 19.4010
-159 19.4955
-158 19.5946
-157 19.6983
-156 19.8065
-155 19.9191
-154 20.0361
-153 20.1575
-152 20.2831
-151 20.4129
-150 20.5467
-149 20.6847
-148 20.8265
-147 20.9723
-146 21.1217
-145 21.2749
-144 21.4315
-143 21.5916
-142 21.7551
-141 21.9217
-140 22.0914
-139 22.2640
-138 22.4393
-137 22.6173
-136 22.7978
-135 22.9806
-134 23.1656
-133 23.3525
-132 23.5413
-131 23.7317
-130 23.9235
-129 24.1166
-128 24.3107
-127 24.5057
-126 24.7014
-125 24.8974
-124 25.0937
-123 25.2901
-122 25.4862
-121 25.6819
-120 25.8769
-119 26.0711
-118 26.2642
-117 26.4559
-116 26.6461
-115 26.8344
-114 27.0208
-113 27.2049
-112 27.3865
-111 27.5654
-110 27.7413
-109 27.9141
-108 28.0836
-107 28.2494
-106 28.4113
-105 28.5693
-104 28.7230
-103 28.8723
-102 29.0169
-101 29.1567
-100 29.2915
-99 29.4210
-98 29.5452
-97 29.6639
-96 29.7769
-95 29.8840
-94 29.9851
-93 30.0801
-92 30.1689
-91 30.2513
-90 30.3272
-89 30.3966
-88 30.4593
-87 30.5153
-86 30.5645
-85 30.6069
-84 30.6424
-83 30.6709
-82 30.6925
-81 30.7071
-80 30.7148
-79 30.7155
-78 30.7093
-77 30.6962
-76 30.6762
-75 30.6494
-74 30.6158
-73 30.5756
-72 30.5288
-71 30.4756
-70 30.4159
-69 30.3499
-68 30.2778
-67 30.1997
-66 30.1157
-65 30.0260
-64 29.9308
-63 29.8301
-62 29.7242
-61 29.6133
-60 29.4975
-59 29.3771
-58 29.2522
-57 29.1232
-56 28.9900
-55 28.8531
-54 28.7126
-53 28.5688
-52 28.4219
-51 28.2721
-50 28.1196
-49 27.9648
-48 27.8078
-47 27.6490
-46 27.4885
-45 27.3266
-44 27.1636
-43 26.9997
-42 26.8352
-41 26.6703
-40 26.5052
-39 26.3403
-38 26.1758
-37 26.0118
-36 25.8488
-35 25.6868
-34 25.5262
-33 25.3672
-32 25.2100
-31 25.0548
-30 24.9019
-29 24.7515
-28 24.6038
-27 24.4590
-26 24.3174
-25 24.1790
-24 24.0442
-23 23.9131
-22 23.7859
-21 23.6627
-20 23.5438
-19 23.4293
-18 23.3194
-17 23.2141
-16 23.1137
-15 23.0183
-14 22.9281
-13 22.8430
-12 22.7634
-11 22.6892
-10 22.6205
-9 22.5576
-8 22.5003
-7 22.4489
-6 22.4034
-5 22.3638
-4 22.3302
-3 22.3027
-2 22.2812
-1 22.2659
0 22.2567
1 22.2536
2 22.2567
3 22.2659
4 22.2812
5 22.3027
6 22.3302
7 22.3638
8 22.4034
9 22.4489
10 22.5003
11 22.5576
12 22.6205
13 22.6892
14 22.7634
15 22.8430
16 22.9281
17 23.0183
18 23.1137
19 23.2141
20 23.3194
21 23.4293
22 23.5438
23 23.6627
24 23.7859
25 23.9131
26 24.0442
27 24.1790
28 24.3174
29 24.4590
30 24.6038
31 24.7515
32 24.9019
33 25.0548
34 25.2100
35 25.3672
36 25.5262
37 25.6868
38 25.8488
39 26.0118
40 26.1758
41 26.3403
42 26.5052
43 26.6703
44 26.8352
45 26.9997
46 27.1636
47 27.3266
48 27.4885
49 27.6490
50 27.8078
51 27.9648
52 28.1196
53 28.2721
54 28.4219
55 28.5688
56 28.7126
57 28.8531
58 28.9900
59 29.1231
60 29.2522
61 29.3771
62 29.4975
63 29.6133
64 29.7242
65 29.8301
66 29.9308
67 30.0260
68 30.1157
69 30.1997
70 30.2778
71 30.3499
72 30.4159
73 30.4756
74 30.5288
75 30.5756
76 30.6158
77 30.6494
78 30.6762
79 30.6961
80 30.7093
81 30.7155
82 30.7148
83 30.7071
84 30.6925
85 30.6709
86 30.6424
87 30.6069
88 30.5645
89 30.5153
90 30.4593
91 30.3966
92 30.3272
93 30.2513
94 30.1689
95 30.0801
96 29.9851
97 29.8840
98 29.7769
99 29.6639
100 29.5452
101 29.4210
102 29.2915
103 29.1567
104 29.0169
105 28.8723
106 28.7230
107 28.5693
108 28.4113
109 28.2494
110 28.0836
111 27.9141
112 27.7414
113 27.5654
114 27.3865
115 27.2049
116 27.0208
117 26.8344
118 26.6461
119 26.4559
120 26.2642
121 26.0711
122 25.8769
123 25.6819
124 25.4862
125 25.2901
126 25.0937
127 24.8974
128 24.7014
129 24.5057
130 24.3107
131 24.1166
132 23.9235
133 23.7317
134 23.5413
135 23.3526
136 23.1656
137 22.9806
138 22.7978
139 22.6173
140 22.4393
141 22.2640
142 22.0914
143 21.9217
144 21.7551
145 21.5916
146 21.4315
147 21.2749
148 21.1217
149 20.9723
150 20.8265
151 20.6847
152 20.5467
153 20.4129
154 20.2831
155 20.1575
156 20.0361
157 19.9191
158 19.8065
159 19.6983
160 19.5946
161 19.4955
162 19.4010
163 19.3110
164 19.2258
165 19.1453
166 19.0695
167 18.9985
168 18.9322
169 18.8708
170 18.8143
171 18.7626
172 18.7157
173 18.6738
174 18.6368
175 18.6046
176 18.5775
177 18.5552
178 18.5379
179 18.5255
180 18.5181
181 18.5156
