-180 -24.3417
-179 -24.3417
-178 -24.2650
-177 -24.1866
-176 -24.1068
-175 -24.0263
-174 -23.9451
-173 -23.8634
-172 -23.7811
-171 -23.6984
-170 -23.6153
-169 -23.5317
-168 -23.4479
-167 -23.3638
-166 -23.2795
-165 -23.1950
-164 -23.1104
-163 -23.0257
-162 -22.9411
-161 -22.8565
-160 -22.7720
-159 -22.6878
-158 -22.6038
-157 -22.5201
-156 -22.4368
-155 -22.3540
-154 -22.2718
-153 -22.1901
-152 -22.1091
-151 -22.0289
-150 -21.9495
-149 -21.8710
-148 -21.7935
-147 -21.7169
-146 -21.6416
-145 -21.5673
-144 -21.4944
-143 -21.4228
-142 -21.3525
-141 -21.2838
-140 -21.2165
-139 -21.1510
-138 -21.0871
-137 -21.0249
-136 -20.9645
-135 -20.9059
-134 -20.8491
-133 -20.7942
-132 -20.7412
-131 -20.6902
-130 -20.6411
-129 -20.5942
-128 -20.5497
-127 -20.5078
-126 -20.4683
-125 -20.4313
-124 -20.3968
-123 -20.3647
-122 -20.3351
-121 -20.3079
-120 -20.2833
-119 -20.2613
-118 -20.2418
-117 -20.2247
-116 -20.2099
-115 -20.1974
-114 -20.1872
-113 -20.1791
-112 -20.1732
-111 -20.1693
-110 -20.1674
-109 -20.1675
-108 -20.1695
-107 -20.1733
-106 -20.1788
-105 -20.1861
-104 -20.1950
-103 -20.2055
-102 -20.2175
-101 -20.2310
-100 -20.2458
-99 -20.2621
-98 -20.2796
-97 -20.2984
-96 -20.3183
-95 -20.3394
-94 -20.3615
-93 -20.3846
-92 -20.4087
-91 -20.4337
-90 -20.4596
-89 -20.4863
-88 -20.5137
-87 -20.5419
-86 -20.5708
-85 -20.6002
-84 -20.6301
-83 -20.6604
-82 -20.6911
-81 -20.7221
-80 -20.7535
-79 -20.7852
-78 -20.8172
-77 -20.8495
-76 -20.8819
-75 -20.9144
-74 -20.9466
-73 -20.9783
-72 -21.0094
-71 -21.0398
-70 -21.0696
-69 -21.0986
-68 -21.1268
-67 -21.1542
-66 -21.1807
-65 -21.2064
-64 -21.2313
-63 -21.2552
-62 -21.2783
-61 -21.3005
-60 -21.3218
-59 -21.3422
-58 -21.3617
-57 -21.3803
-56 -21.3981
-55 -21.4150
-54 -21.4311
-53 -21.4464
-52 -21.4610
-51 -21.4747
-50 -21.4877
-49 -21.5001
-48 -21.5117
-47 -21.5228
-46 -21.5332
-45 -21.5431
-44 -21.5524
-43 -21.5612
-42 -21.5695
-41 -21.5773
-40 -21.5848
-39 -21.5919
-38 -21.5986
-37 -21.6050
-36 -21.6111
-35 -21.6170
-34 -21.6227
-33 -21.6282
-32 -21.6328
-31 -21.6360
-30 -21.6382
-29 -21.6394
-28 -21.6396
-27 -21.6391
-26 -21.6378
-25 -21.6360
-24 -21.6336
-23 -21.6308
-22 -21.6279
-21 -21.6248
-20 -21.6216
-19 -21.6185
-18 -21.6153
-17 -21.6123
-16 -21.6093
-15 -21.6066
-14 -21.6041
-13 -21.6019
-12 -21.6000
-11 -21.5985
-10 -21.5973
-9 -21.5967
-8 -21.5965
-7 -21.5968
-6 -21.5977
-5 -21.5992
-4 -21.6013
-3 -21.6040
-2 -21.6075
-1 -21.6116
0 -21.6165
1 -21.6222
2 -21.6286
3 -21.6359
4 -21.6440
5 -21.6529
6 -21.6626
7 -21.6728
8 -21.6831
9 -21.6935
10 -21.7042
11 -21.7151
12 -21.7263
13 -21.7379
14 -21.7500
15 -21.7625
16 -21.7756
17 -21.7893
18 -21.8035
19 -21.8184
20 -21.8340
21 -21.8503
22 -21.8673
23 -21.8850
24 -21.9035
25 -21.9228
26 -21.9429
27 -21.9637
28 -21.9854
29 -22.0079
30 -22.0311
31 -22.0552
32 -22.0801
33 -22.1058
34 -22.1324
35 -22.1597
36 -22.1878
37 -22.2167
38 -22.2464
39 -22.2768
40 -22.3080
41 -22.3400
42 -22.3727
43 -22.4061
44 -22.4402
45 -22.4750
46 -22.5105
47 -22.5467
48 -22.5834
49 -22.6208
50 -22.6588
51 -22.6974
52 -22.7366
53 -22.7763
54 -22.8165
55 -22.8572
56 -22.8984
57 -22.9401
58 -22.9822
59 -23.0247
60 -23.0676
61 -23.1109
62 -23.1545
63 -23.1985
64 -23.2428
65 -23.2873
66 -23.3321
67 -23.3771
68 -23.4223
69 -23.4677
70 -23.5133
71 -23.5590
72 -23.6048
73 -23.6508
74 -23.6967
75 -23.7428
76 -23.7888
77 -23.8348
78 -23.8808
79 -23.9268
80 -23.9726
81 -24.0184
82 -24.0641
83 -24.1095
84 -24.1549
85 -24.2000
86 -24.2449
87 -24.2896
88 -24.3340
89 -24.3781
90 -24.4219
91 -24.4653
92 -24.5084
93 -24.5511
94 -24.5934
95 -24.6353
96 -24.6767
97 -24.7177
98 -24.7581
99 -24.7980
100 -24.8374
101 -24.8762
102 -24.9144
103 -24.9520
104 -24.9889
105 -25.0252
106 -25.0608
107 -25.0957
108 -25.1298
109 -25.1632
110 -25.1958
111 -25.2276
112 -25.2586
113 -25.2888
114 -25.3181
115 -25.3465
116 -25.3740
117 -25.4006
118 -25.4262
119 -25.4508
120 -25.4745
121 -25.4971
122 -25.5188
123 -25.5393
124 -25.5588
125 -25.5772
126 -25.5945
127 -25.6107
128 -25.6257
129 -25.6395
130 -25.6522
131 -25.6637
132 -25.6740
133 -25.6830
134 -25.6908
135 -25.6973
136 -25.7026
137 -25.7066
138 -25.7093
139 -25.7107
140 -25.7108
141 -25.7096
142 -25.7070
143 -25.7030
144 -25.6977
145 -25.6911
146 -25.6830
147 -25.6736
148 -25.6627
149 -25.6505
150 -25.6368
151 -25.6216
152 -25.6050
153 -25.5870
154 -25.5674
155 -25.5463
156 -25.5238
157 -25.4996
158 -25.4740
159 -25.4467
160 -25.4178
161 -25.3873
162 -25.3551
163 -25.3211
164 -25.2855
165 -25.2480
166 -25.2087
167 -25.1675
168 -25.1244
169 -25.0793
170 -25.0319
171 -24.9822
172 -24.9301
173 -24.8754
174 -24.8181
175 -24.7581
176 -24.6951
177 -24.6292
178 -24.5602
179 -24.4892
180 -24.4164
181 -24.3417
