-180 0.0
-179 0.0
-178 0.0945
-177 0.1944
-176 0.2992
-175 0.4083
-174 0.5216
-173 0.639
-172 0.7604
-171 0.8857
-170 1.0149
-169 1.1478
-168 1.2843
-167 1.4245
-166 1.5682
-165 1.7152
-164 1.8656
-163 2.0193
-162 2.1761
-161 2.3359
-160 2.4987
-159 2.6643
-158 2.8328
-157 3.0039
-156 3.1776
-155 3.3538
-154 3.5324
-153 3.7134
-152 3.8966
-151 4.0821
-150 4.2696
-149 4.4593
-148 4.651
-147 4.8447
-146 5.0404
-145 5.2379
-144 5.4374
-143 5.6387
-142 5.842
-141 6.0471
-140 6.2542
-139 6.4631
-138 6.674
-137 6.8869
-136 7.1019
-135 7.319
-134 7.5385
-133 7.7603
-132 7.9845
-131 8.2113
-130 8.4407
-129 8.6728
-128 8.9072
-127 9.1441
-126 9.3836
-125 9.6258
-124 9.8708
-123 10.1186
-122 10.3693
-121 10.6228
-120 10.8791
-119 11.1381
-118 11.3998
-117 11.6642
-116 11.9311
-115 12.2004
-114 12.472
-113 12.7456
-112 13.0209
-111 13.2977
-110 13.5754
-109 13.8539
-108 14.1325
-107 14.4108
-106 14.6882
-105 14.9642
-104 15.238
-103 15.5091
-102 15.7768
-101 16.0402
-100 16.2988
-99 16.5516
-98 16.7979
-97 17.037
-96 17.268
-95 17.4901
-94 17.7026
-93 17.9047
-92 18.0957
-91 18.2748
-90 18.4414
-89 18.5948
-88 18.7345
-87 18.8598
-86 18.9703
-85 19.0656
-84 19.1453
-83 19.2091
-82 19.2568
-81 19.2882
-80 19.3029
-79 19.301
-78 19.2824
-77 19.247
-76 19.1951
-75 19.1269
-74 19.0428
-73 18.9433
-72 18.8287
-71 18.6994
-70 18.5557
-69 18.3981
-68 18.227
-67 18.0428
-66 17.8461
-65 17.6374
-64 17.417
-63 17.1857
-62 16.944
-61 16.6923
-60 16.4312
-59 16.1613
-58 15.8832
-57 15.5973
-56 15.3043
-55 15.0047
-54 14.6991
-53 14.3879
-52 14.0717
-51 13.7511
-50 13.4265
-49 13.0984
-48 12.7673
-47 12.4337
-46 12.0981
-45 11.761
-44 11.4227
-43 11.0838
-42 10.7446
-41 10.4056
-40 10.0672
-39 9.7297
-38 9.3937
-37 9.0593
-36 8.7271
-35 8.3973
-34 8.0703
-33 7.7464
-32 7.4268
-31 7.112
-30 6.8024
-29 6.498
-28 6.1992
-27 5.906
-26 5.6187
-25 5.3375
-24 5.0626
-23 4.794
-22 4.5317
-21 4.2761
-20 4.0273
-19 3.7853
-18 3.5505
-17 3.3228
-16 3.1025
-15 2.8896
-14 2.6843
-13 2.4866
-12 2.2968
-11 2.1148
-10 1.9407
-9 1.7746
-8 1.6166
-7 1.4667
-6 1.325
-5 1.1915
-4 1.0662
-3 0.9491
-2 0.8403
-1 0.7397
0 0.6474
1 0.5633
2 0.4874
3 0.4196
4 0.36
5 0.3084
6 0.2649
7 0.2298
8 0.2034
9 0.1855
10 0.176
11 0.1748
12 0.1816
13 0.1964
14 0.219
15 0.2492
16 0.2868
17 0.3316
18 0.3834
19 0.4421
20 0.5075
21 0.5793
22 0.6574
23 0.7415
24 0.8314
25 0.9269
26 1.0278
27 1.1339
28 1.2448
29 1.3605
30 1.4806
31 1.6048
32 1.7331
33 1.865
34 2.0004
35 2.1389
36 2.2804
37 2.4245
38 2.571
39 2.7196
40 2.87
41 3.022
42 3.1754
43 3.3297
44 3.4848
45 3.6404
46 3.7961
47 3.9518
48 4.1072
49 4.2619
50 4.4157
51 4.5684
52 4.7197
53 4.8692
54 5.0168
55 5.1622
56 5.3052
57 5.4454
58 5.5827
59 5.7168
60 5.8474
61 5.9745
62 6.0976
63 6.2167
64 6.3315
65 6.4418
66 6.5475
67 6.6483
68 6.744
69 6.8346
70 6.9198
71 6.9995
72 7.0735
73 7.1419
74 7.2043
75 7.2607
76 7.3111
77 7.3553
78 7.3932
79 7.4249
80 7.4502
81 7.4691
82 7.4815
83 7.4875
84 7.4871
85 7.4802
86 7.4669
87 7.4472
88 7.4211
89 7.3887
90 7.3501
91 7.3052
92 7.2543
93 7.1973
94 7.1345
95 7.0658
96 6.9915
97 6.9116
98 6.8263
99 6.7358
100 6.6402
101 6.5396
102 6.4343
103 6.3244
104 6.2102
105 6.0917
106 5.9693
107 5.843
108 5.7133
109 5.5801
110 5.4438
111 5.3046
112 5.1628
113 5.0184
114 4.8719
115 4.7234
116 4.5731
117 4.4214
118 4.2683
119 4.1142
120 3.9594
121 3.8039
122 3.6482
123 3.4923
124 3.3366
125 3.1813
126 3.0266
127 2.8727
128 2.7198
129 2.5682
130 2.418
131 2.2695
132 2.1229
133 1.9784
134 1.8361
135 1.6962
136 1.559
137 1.4245
138 1.2931
139 1.1647
140 1.0396
141 0.918
142 0.7999
143 0.6855
144 0.5749
145 0.4683
146 0.3658
147 0.2675
148 0.1735
149 0.0839
150 -0.0013
151 -0.0818
152 -0.1576
153 -0.2287
154 -0.295
155 -0.3563
156 -0.4126
157 -0.4639
158 -0.51
159 -0.551
160 -0.5867
161 -0.6171
162 -0.6421
163 -0.6616
164 -0.6757
165 -0.6843
166 -0.6872
167 -0.6845
168 -0.676
169 -0.6617
170 -0.6414
171 -0.615
172 -0.5823
173 -0.5433
174 -0.4979
175 -0.446
176 -0.3874
177 -0.3221
178 -0.25
179 -0.1722
180 -0.0889
