-180 -21.8472
-179 -21.8472
-178 -21.7527
-177 -21.6528
-176 -21.5480
-175 -21.4389
-174 -21.3256
-173 -21.2082
-172 -21.0868
-171 -20.9615
-170 -20.8323
-169 -20.6994
-168 -20.5629
-167 -20.4227
-166 -20.2790
-165 -20.1320
-164 -19.9816
-163 -19.8279
-162 -19.6711
-161 -19.5113
-160 -19.3485
-159 -19.1829
-158 -19.0144
-157 -18.8433
-156 -18.6696
-155 -18.4934
-154 -18.3148
-153 -18.1338
-152 -17.9506
-151 -17.7651
-150 -17.5776
-149 -17.3879
-148 -17.1962
-147 -17.0025
-146 -16.8068
-145 -16.6093
-144 -16.4098
-143 -16.2085
-142 -16.0052
-141 -15.8001
-140 -15.5930
-139 -15.3841
-138 -15.1732
-137 -14.9603
-136 -14.7453
-135 -14.5282
-134 -14.3087
-133 -14.0869
-132 -13.8627
-131 -13.6359
-130 -13.4065
-129 -13.1744
-128 -12.9400
-127 -12.7031
-126 -12.4636
-125 -12.2214
-124 -11.9764
-123 -11.7286
-122 -11.4779
-121 -11.2244
-120 -10.9681
-119 -10.7091
-118 -10.4474
-117 -10.1830
-116 -9.9161
-115 -9.6468
-114 -9.3752
-113 -9.1016
-112 -8.8263
-111 -8.5495
-110 -8.2718
-109 -7.9933
-108 -7.7147
-107 -7.4364
-106 -7.1590
-105 -6.8830
-104 -6.6092
-103 -6.3381
-102 -6.0704
-101 -5.8070
-100 -5.5484
-99 -5.2956
-98 -5.0493
-97 -4.8102
-96 -4.5792
-95 -4.3571
-94 -4.1446
-93 -3.9425
-92 -3.7515
-91 -3.5724
-90 -3.4058
-89 -3.2524
-88 -3.1127
-87 -2.9874
-86 -2.8769
-85 -2.7816
-84 -2.7019
-83 -2.6381
-82 -2.5904
-81 -2.5590
-80 -2.5443
-79 -2.5462
-78 -2.5648
-77 -2.6002
-76 -2.6521
-75 -2.7203
-74 -2.8044
-73 -2.9039
-72 -3.0185
-71 -3.1478
-70 -3.2915
-69 -3.4491
-68 -3.6202
-67 -3.8044
-66 -4.0011
-65 -4.2098
-64 -4.4302
-63 -4.6615
-62 -4.9032
-61 -5.1549
-60 -5.4160
-59 -5.6859
-58 -5.9640
-57 -6.2499
-56 -6.5429
-55 -6.8425
-54 -7.1481
-53 -7.4593
-52 -7.7755
-51 -8.0961
-50 -8.4207
-49 -8.7488
-48 -9.0799
-47 -9.4135
-46 -9.7491
-45 -10.0862
-44 -10.4245
-43 -10.7634
-42 -11.1026
-41 -11.4416
-40 -11.7800
-39 -12.1175
-38 -12.4535
-37 -12.7879
-36 -13.1201
-35 -13.4499
-34 -13.7769
-33 -14.1008
-32 -14.4204
-31 -14.7352
-30 -15.0448
-29 -15.3492
-28 -15.6480
-27 -15.9412
-26 -16.2285
-25 -16.5097
-24 -16.7846
-23 -17.0532
-22 -17.3155
-21 -17.5711
-20 -17.8199
-19 -18.0619
-18 -18.2967
-17 -18.5244
-16 -18.7447
-15 -18.9576
-14 -19.1629
-13 -19.3606
-12 -19.5504
-11 -19.7324
-10 -19.9065
-9 -20.0726
-8 -20.2306
-7 -20.3805
-6 -20.5222
-5 -20.6557
-4 -20.7810
-3 -20.8981
-2 -21.0069
-1 -21.1075
0 -21.1998
1 -21.2839
2 -21.3598
3 -21.4276
4 -21.4872
5 -21.5388
6 -21.5823
7 -21.6174
8 -21.6438
9 -21.6617
10 -21.6712
11 -21.6724
12 -21.6656
13 -21.6508
14 -21.6282
15 -21.5980
16 -21.5604
17 -21.5156
18 -21.4638
19 -21.4051
20 -21.3397
21 -21.2679
22 -21.1898
23 -21.1057
24 -21.0158
25 -20.9203
26 -20.8194
27 -20.7133
28 -20.6024
29 -20.4867
30 -20.3666
31 -20.2424
32 -20.1141
33 -19.9822
34 -19.8468
35 -19.7083
36 -19.5668
37 -19.4227
38 -19.2762
39 -19.1276
40 -18.9772
41 -18.8252
42 -18.6718
43 -18.5175
44 -18.3624
45 -18.2068
46 -18.0511
47 -17.8954
48 -17.7400
49 -17.5853
50 -17.4315
51 -17.2788
52 -17.1275
53 -16.9780
54 -16.8304
55 -16.6850
56 -16.5420
57 -16.4018
58 -16.2645
59 -16.1304
60 -15.9998
61 -15.8727
62 -15.7496
63 -15.6305
64 -15.5157
65 -15.4054
66 -15.2997
67 -15.1989
68 -15.1032
69 -15.0126
70 -14.9274
71 -14.8477
72 -14.7737
73 -14.7053
74 -14.6429
75 -14.5865
76 -14.5361
77 -14.4919
78 -14.4540
79 -14.4223
80 -14.3970
81 -14.3781
82 -14.3657
83 -14.3597
84 -14.3601
85 -14.3670
86 -14.3803
87 -14.4000
88 -14.4261
89 -14.4585
90 -14.4971
91 -14.5420
92 -14.5929
93 -14.6499
94 -14.7127
95 -14.7814
96 -14.8557
97 -14.9356
98 -15.0209
99 -15.1114
100 -15.2070
101 -15.3076
102 -15.4129
103 -15.5228
104 -15.6370
105 -15.7555
106 -15.8779
107 -16.0042
108 -16.1339
109 -16.2671
110 -16.4034
111 -16.5426
112 -16.6844
113 -16.8288
114 -16.9753
115 -17.1238
116 -17.2741
117 -17.4258
118 -17.5789
119 -17.7330
120 -17.8878
121 -18.0433
122 -18.1990
123 -18.3549
124 -18.5106
125 -18.6659
126 -18.8206
127 -18.9745
128 -19.1274
129 -19.2790
130 -19.4292
131 -19.5777
132 -19.7243
133 -19.8688
134 -20.0111
135 -20.1510
136 -20.2882
137 -20.4227
138 -20.5541
139 -20.6825
140 -20.8076
141 -20.9292
142 -21.0473
143 -21.1617
144 -21.2723
145 -21.3789
146 -21.4814
147 -21.5797
148 -21.6737
149 -21.7633
150 -21.8485
151 -21.9290
152 -22.0048
153 -22.0759
154 -22.1422
155 -22.2035
156 -22.2598
157 -22.3111
158 -22.3572
159 -22.3982
160 -22.4339
161 -22.4643
162 -22.4893
163 -22.5088
164 -22.5229
165 -22.5315
166 -22.5344
167 -22.5317
168 -22.5232
169 -22.5089
170 -22.4886
171 -22.4622
172 -22.4295
173 -22.3905
174 -22.3451
175 -22.2932
176 -22.2346
177 -22.1693
178 -22.0972
179 -22.0194
180 -21.9361
181 -21.8472
