-180 1.9388
-179 1.9388
-178 4.7550
-177 0.4526
-176 -1.3624
-175 2.3287
-174 4.5684
-173 5.0211
-172 -7.3065
-171 0.8069
-170 6.5178
-169 3.5305
-168 6.5068
-167 2.0590
-166 -1.3462
-165 -3.9145
-164 4.0150
-163 -3.9027
-162 0.1009
-161 1.9407
-160 8.2064
-159 1.7339
-158 -0.1674
-157 -1.0759
-156 12.2322
-155 8.2594
-154 8.8093
-153 5.7255
-152 4.7660
-151 7.1764
-150 8.7088
-149 7.1186
-148 6.4263
-147 3.3968
-146 4.7859
-145 6.8460
-144 7.4630
-143 12.0320
-142 3.8021
-141 8.1702
-140 7.1138
-139 7.7076
-138 3.7341
-137 7.4527
-136 3.5627
-135 12.1162
-134 6.3887
-133 11.6160
-132 5.6525
-131 6.2739
-130 -2.0482
-129 7.9826
-128 8.2332
-127 7.2207
-126 8.9809
-125 13.3989
-124 7.2038
-123 13.2646
-122 13.5502
-121 8.3177
-120 10.8183
-119 11.8548
-118 10.5341
-117 8.7031
-116 10.4874
-115 16.1508
-114 11.9335
-113 11.3329
-112 16.9414
-111 18.4016
-110 9.1696
-109 18.8326
-108 15.6397
-107 14.6793
-106 19.8552
-105 10.0812
-104 15.4644
-103 15.2529
-102 12.0229
-101 16.5073
-100 17.3581
-99 13.4346
-98 8.0821
-97 14.6767
-96 25.8849
-95 22.3201
-94 19.0660
-93 16.3659
-92 18.4575
-91 17.9191
-90 18.1068
-89 22.4115
-88 16.4676
-87 20.5780
-86 17.6943
-85 14.9858
-84 19.8063
-83 22.0668
-82 23.4345
-81 15.3937
-80 20.5535
-79 19.2168
-78 16.7418
-77 25.5596
-76 19.2537
-75 17.3819
-74 18.1206
-73 17.5410
-72 19.9637
-71 14.7033
-70 20.9136
-69 15.9650
-68 16.6855
-67 15.7898
-66 17.8809
-65 20.3826
-64 15.8883
-63 18.5595
-62 15.1708
-61 12.8352
-60 11.1148
-59 10.9975
-58 19.6961
-57 15.8830
-56 17.9506
-55 16.6756
-54 15.0651
-53 6.4433
-52 14.6517
-51 7.2743
-50 8.6190
-49 16.2029
-48 14.0125
-47 17.4696
-46 12.5121
-45 13.6111
-44 15.5563
-43 16.2378
-42 15.6961
-41 12.3827
-40 12.3130
-39 6.8099
-38 3.9992
-37 6.3458
-36 8.3006
-35 -0.0480
-34 3.6991
-33 8.3417
-32 11.2499
-31 11.6377
-30 9.7195
-29 12.1405
-28 1.7788
-27 8.4295
-26 5.0345
-25 7.8710
-24 9.6192
-23 2.8794
-22 4.7927
-21 2.7594
-20 2.7196
-19 1.2061
-18 2.4333
-17 4.7813
-16 5.2285
-15 8.0608
-14 7.2016
-13 1.0061
-12 3.6045
-11 1.3606
-10 3.0892
-9 1.5044
-8 9.3334
-7 11.4460
-6 9.4325
-5 9.0695
-4 -5.0325
-3 -0.4105
-2 -3.0957
-1 3.4451
0 10.0597
1 2.6395
2 3.2981
3 1.7820
4 3.4450
5 4.0008
6 3.6123
7 -0.7427
8 4.2120
9 3.1064
10 -1.6349
11 3.6006
12 9.7764
13 -1.9109
14 7.1016
15 5.7942
16 2.3718
17 -3.3040
18 -2.3326
19 0.9664
20 3.7137
21 -6.0931
22 -0.3434
23 0.0113
24 2.6358
25 -7.1486
26 2.5952
27 9.3190
28 3.3627
29 6.0496
30 2.8991
31 2.2357
32 -0.2390
33 -2.1424
34 7.5598
35 6.5487
36 1.8058
37 2.2637
38 -1.0180
39 2.2748
40 0.8274
41 1.4680
42 2.0515
43 14.0828
44 0.6478
45 0.9280
46 3.8919
47 6.6338
48 2.2022
49 4.1051
50 0.9754
51 4.4873
52 1.9737
53 6.5184
54 3.8545
55 2.3052
56 7.8683
57 -0.0308
58 9.8072
59 3.0899
60 6.4735
61 8.0542
62 3.2185
63 6.7460
64 9.5505
65 13.1450
66 3.8088
67 6.8497
68 8.0723
69 3.3090
70 3.3152
71 12.6029
72 5.8870
73 11.9140
74 7.5849
75 9.3340
76 2.8642
77 4.6946
78 14.5748
79 6.3289
80 4.6506
81 10.0718
82 15.0943
83 9.1034
84 4.0594
85 6.4139
86 7.9399
87 10.7785
88 8.9660
89 2.3130
90 9.3829
91 14.7594
92 3.2642
93 7.8251
94 9.3743
95 8.4958
96 5.9899
97 9.8049
98 9.7292
99 3.0081
100 6.4571
101 5.3349
102 8.3266
103 3.0272
104 3.6163
105 2.5899
106 9.4474
107 9.4711
108 4.0415
109 9.2336
110 2.2803
111 9.5750
112 4.6764
113 3.5018
114 7.4544
115 8.7851
116 5.9490
117 13.2170
118 4.3629
119 2.4658
120 8.3646
121 -3.0332
122 8.3964
123 0.9727
124 12.8438
125 10.1372
126 6.6759
127 6.4058
128 2.0592
129 4.4713
130 12.4665
131 3.4656
132 13.0246
133 9.5477
134 4.1465
135 -0.1421
136 -1.5879
137 2.5452
138 3.7545
139 -4.0967
140 8.5040
141 -0.6162
142 -1.0199
143 2.6945
144 -0.0171
145 4.1924
146 0.1346
147 -2.6586
148 -1.3372
149 3.6189
150 1.2078
151 2.0884
152 -1.6714
153 2.1362
154 -0.2566
155 1.4578
156 -1.9057
157 -5.3127
158 2.9077
159 3.2849
160 1.0424
161 -1.4932
162 -1.3320
163 -3.6053
164 4.3719
165 -2.9790
166 -2.0515
167 -3.5981
168 -0.6699
169 -1.1084
170 -0.0009
171 -3.4829
172 1.9149
173 3.1793
174 3.4069
175 3.7123
176 2.7653
177 -2.0521
178 -0.8358
179 -3.7035
180 -2.5528
181 -2.6399
