-180 27.5823
-179 27.5823
-178 27.5820
-177 27.5810
-176 27.5794
-175 27.5772
-174 27.5744
-173 27.5709
-172 27.5669
-171 27.5621
-170 27.5568
-169 27.5508
-168 27.5441
-167 27.5369
-166 27.5290
-165 27.5204
-164 27.5113
-163 27.5015
-162 27.4910
-161 27.4799
-160 27.4682
-159 27.4558
-158 27.4427
-157 27.4291
-156 27.4147
-155 27.3998
-154 27.3841
-153 27.3678
-152 27.3509
-151 27.3333
-150 27.3150
-149 27.2961
-148 27.2765
-147 27.2563
-146 27.2354
-145 27.2138
-144 27.1915
-143 27.1686
-142 27.1450
-141 27.1208
-140 27.0959
-139 27.0703
-138 27.0440
-137 27.0170
-136 26.9894
-135 26.9611
-134 26.9321
-133 26.9025
-132 26.8721
-131 26.8411
-130 26.8094
-129 26.7770
-128 26.7440
-127 26.7103
-126 26.6759
-125 26.6408
-124 26.6051
-123 26.5686
-122 26.5315
-121 26.4938
-120 26.4554
-119 26.4163
-118 26.3765
-117 26.3361
-116 26.2951
-115 26.2533
-114 26.2110
-113 26.1680
-112 26.1243
-111 26.0800
-110 26.0351
-109 25.9895
-108 25.9434
-107 25.8966
-106 25.8492
-105 25.8012
-104 25.7525
-103 25.7033
-102 25.6536
-101 25.6032
-100 25.5523
-99 25.5008
-98 25.4487
-97 25.3962
-96 25.3430
-95 25.2894
-94 25.2353
-93 25.1806
-92 25.1255
-91 25.0698
-90 25.0137
-89 24.9572
-88 24.9002
-87 24.8428
-86 24.7850
-85 24.7267
-84 24.6681
-83 24.6091
-82 24.5498
-81 24.4901
-80 24.4301
-79 24.3698
-78 24.3092
-77 24.2483
-76 24.1872
-75 24.1259
-74 24.0643
-73 24.0026
-72 23.9407
-71 23.8786
-70 23.8165
-69 23.7542
-68 23.6918
-67 23.6294
-66 23.5669
-65 23.5045
-64 23.4420
-63 23.3796
-62 23.3173
-61 23.2550
-60 23.1929
-59 23.1309
-58 23.0691
-57 23.0075
-56 22.9461
-55 22.8850
-54 22.8241
-53 22.7636
-52 22.7035
-51 22.6437
-50 22.5843
-49 22.5254
-48 22.4669
-47 22.4090
-46 22.3515
-45 22.2947
-44 22.2384
-43 22.1828
-42 22.1278
-41 22.0735
-40 22.0200
-39 21.9672
-38 21.9152
-37 21.8640
-36 21.8136
-35 21.7642
-34 21.7157
-33 21.6681
-32 21.6215
-31 21.5759
-30 21.5314
-29 21.4879
-28 21.4455
-27 21.4043
-26 21.3642
-25 21.3253
-24 21.2876
-23 21.2512
-22 21.2160
-21 21.1822
-20 21.1496
-19 21.1184
-18 21.0886
-17 21.0601
-16 21.0331
-15 21.0074
-14 20.9833
-13 20.9606
-12 20.9394
-11 20.9197
-10 20.9015
-9 20.8848
-8 20.8697
-7 20.8562
-6 20.8442
-5 20.8338
-4 20.8250
-3 20.8178
-2 20.8121
-1 20.8081
0 20.8057
1 20.8049
2 20.8057
3 20.8081
4 20.8121
5 20.8178
6 20.8250
7 20.8338
8 20.8442
9 20.8562
10 20.8697
11 20.8848
12 20.9015
13 20.9197
14 20.9394
15 20.9606
16 20.9833
17 21.0074
18 21.0331
19 21.0601
20 21.0886
21 21.1184
22 21.1496
23 21.1822
24 21.2160
25 21.2512
26 21.2876
27 21.3253
28 21.3642
29 21.4043
30 21.4455
31 21.4879
32 21.5314
33 21.5759
34 21.6215
35 21.6681
36 21.7157
37 21.7642
38 21.8136
39 21.8640
40 21.9152
41 21.9672
42 22.0200
43 22.0735
44 22.1278
45 22.1828
46 22.2384
47 22.2947
48 22.3515
49 22.4090
50 22.4669
51 22.5254
52 22.5843
53 22.6437
54 22.7035
55 22.7636
56 22.8241
57 22.8850
58 22.9461
59 23.0075
60 23.0691
61 23.1309
62 23.1929
63 23.2550
64 23.3173
65 23.3796
66 23.4420
67 23.5045
68 23.5669
69 23.6294
70 23.6918
71 23.7542
72 23.8165
73 23.8786
74 23.9407
75 24.0026
76 24.0643
77 24.1259
78 24.1872
79 24.2483
80 24.3092
81 24.3698
82 24.4301
83 24.4901
84 24.5498
85 24.6091
86 24.6681
87 24.7267
88 24.7850
89 24.8428
90 24.9002
91 24.9572
92 25.0137
93 25.0698
94 25.1255
95 25.1806
96 25.2353
97 25.2894
98 25.3430
99 25.3962
100 25.4487
101 25.5008
102 25.5523
103 25.6032
104 25.6536
105 25.7033
106 25.7525
107 25.8012
108 25.8492
109 25.8966
110 25.9434
111 25.9895
112 26.0351
113 26.0800
114 26.1243
115 26.1680
116 26.2110
117 26.2533
118 26.2951
119 26.3361
120 26.3765
121 26.4163
122 26.4554
123 26.4938
124 26.5315
125 26.5686
126 26.6051
127 26.6408
128 26.6759
129 26.7103
130 26.7440
131 26.7770
132 26.8094
133 26.8411
134 26.8721
135 26.9025
136 26.9321
137 26.9611
138 26.9894
139 27.0170
140 27.0440
141 27.0703
142 27.0959
143 27.1208
144 27.1450
145 27.1686
146 27.1915
147 27.2138
148 27.2354
149 27.2563
150 27.2765
151 27.2961
152 27.3150
153 27.3333
154 27.3509
155 27.3678
156 27.3841
157 27.3998
158 27.4147
159 27.4291
160 27.4427
161 27.4558
162 27.4682
163 27.4799
164 27.4910
165 27.5015
166 27.5113
167 27.5204
168 27.5290
169 27.5369
170 27.5441
171 27.5508
172 27.5568
173 27.5621
174 27.5669
175 27.5709
176 27.5744
177 27.5772
178 27.5794
179 27.5810
180 27.5820
181 27.5823
