dih  Etot    EPtot   BOND   ANGLE  DIHED   1-4NB  1-4EEL  VDWAALS  EELEC EGB
-180 -17.8727 -30.8342 5.4435 2.8766 11.5040 6.1446 27.5823 44.3715 -102.4396 -26.3171
-179 -17.8727 -30.8342 5.4435 2.8766 11.5040 6.1446 27.5823 44.3715 -102.4396 -26.3171
-178 -10.3059 -30.7848 5.4435 2.8766 11.5071 6.1446 27.5820 44.3715 -102.4240 -26.2861
-177 -6.5482 -30.7295 5.4435 2.8766 11.5164 6.1446 27.5810 44.3715 -102.4090 -26.2542
-176 -8.1955 -30.6687 5.4435 2.8766 11.5318 6.1446 27.5794 44.3715 -102.3948 -26.2214
-175 -9.0962 -30.6022 5.4435 2.8766 11.5534 6.1446 27.5772 44.3715 -102.3813 -26.1879
-174 -5.5478 -30.5303 5.4435 2.8766 11.5811 6.1446 27.5744 44.3715 -102.3685 -26.1535
-173 -1.0933 -30.4528 5.4435 2.8766 11.6149 6.1446 27.5709 44.3715 -102.3566 -26.1183
-172 -1.9050 -30.3698 5.4435 2.8766 11.6548 6.1446 27.5669 44.3715 -102.3455 -26.0822
-171 -10.4091 -30.2815 5.4435 2.8766 11.7007 6.1446 27.5621 44.3715 -102.3352 -26.0453
-170 -10.0826 -30.1878 5.4435 2.8766 11.7525 6.1446 27.5568 44.3715 -102.3258 -26.0075
-169 -6.7427 -30.0888 5.4435 2.8766 11.8103 6.1446 27.5508 44.3715 -102.3172 -25.9689
-168 -9.0999 -29.9847 5.4435 2.8766 11.8739 6.1446 27.5441 44.3715 -102.3096 -25.9293
-167 4.3147 -29.8753 5.4435 2.8766 11.9432 6.1446 27.5369 44.3715 -102.3028 -25.8888
-166 -6.4213 -29.7609 5.4435 2.8766 12.0182 6.1446 27.5290 44.3715 -102.2970 -25.8474
-165 -7.3590 -29.6416 5.4435 2.8766 12.0989 6.1446 27.5204 44.3715 -102.2921 -25.8050
-164 -15.0532 -29.5176 5.4435 2.8766 12.1850 6.1446 27.5113 44.3715 -102.2882 -25.7620
-163 -9.5970 -29.3893 5.4435 2.8766 12.2766 6.1446 27.5015 44.3715 -102.2852 -25.7184
-162 -6.7491 -29.2569 5.4435 2.8766 12.3734 6.1446 27.4910 44.3715 -102.2831 -25.6745
-161 -2.8547 -29.1204 5.4435 2.8766 12.4755 6.1446 27.4799 44.3715 -102.2820 -25.6300
-160 -7.1944 -28.9802 5.4435 2.8766 12.5827 6.1446 27.4682 44.3715 -102.2818 -25.5854
-159 0.1865 -28.8366 5.4435 2.8766 12.6948 6.1446 27.4558 44.3715 -102.2826 -25.5408
-158 -2.0128 -28.6897 5.4435 2.8766 12.8117 6.1446 27.4427 44.3715 -102.2843 -25.4961
-157 -4.5419 -28.5396 5.4435 2.8766 12.9334 6.1446 27.4291 44.3715 -102.2869 -25.4514
-156 -4.6458 -28.3867 5.4435 2.8766 13.0596 6.1446 27.4147 44.3715 -102.2903 -25.4070
-155 0.2475 -28.2314 5.4435 2.8766 13.1903 6.1446 27.3998 44.3715 -102.2945 -25.3632
-154 1.2109 -28.0740 5.4435 2.8766 13.3252 6.1446 27.3841 44.3715 -102.2995 -25.3200
-153 -7.7694 -27.9145 5.4435 2.8766 13.4642 6.1446 27.3678 44.3715 -102.3053 -25.2776
-152 -5.6469 -27.7532 5.4435 2.8766 13.6073 6.1446 27.3509 44.3715 -102.3116 -25.2359
-151 -1.2653 -27.5900 5.4435 2.8766 13.7541 6.1446 27.3333 44.3715 -102.3186 -25.1950
-150 -6.4572 -27.4252 5.4435 2.8766 13.9046 6.1446 27.3150 44.3715 -102.3260 -25.1550
-149 8.0477 -27.2588 5.4435 2.8766 14.0585 6.1446 27.2961 44.3715 -102.3339 -25.1158
-148 -4.4940 -27.0909 5.4435 2.8766 14.2158 6.1446 27.2765 44.3715 -102.3420 -25.0775
-147 -5.2081 -26.9217 5.4435 2.8766 14.3762 6.1446 27.2563 44.3715 -102.3503 -25.0402
-146 -8.3334 -26.7513 5.4435 2.8766 14.5395 6.1446 27.2354 44.3715 -102.3586 -25.0038
-145 2.5134 -26.5796 5.4435 2.8766 14.7056 6.1446 27.2138 44.3715 -102.3668 -24.9685
-144 2.0154 -26.4068 5.4435 2.8766 14.8743 6.1446 27.1915 44.3715 -102.3747 -24.9342
-143 -6.1226 -26.2329 5.4435 2.8766 15.0454 6.1446 27.1686 44.3715 -102.3822 -24.9009
-142 -3.0908 -26.0579 5.4435 2.8766 15.2186 6.1446 27.1450 44.3715 -102.3890 -24.8688
-141 -3.8356 -25.8818 5.4435 2.8766 15.3939 6.1446 27.1208 44.3715 -102.3950 -24.8378
-140 -2.8096 -25.7047 5.4435 2.8766 15.5710 6.1446 27.0959 44.3715 -102.3999 -24.8079
-139 -4.7444 -25.5266 5.4435 2.8766 15.7497 6.1446 27.0703 44.3715 -102.4036 -24.7792
-138 -7.1479 -25.3474 5.4435 2.8766 15.9298 6.1446 27.0440 44.3715 -102.4057 -24.7518
-137 -2.7861 -25.1669 5.4435 2.8766 16.1112 6.1446 27.0170 44.3715 -102.4060 -24.7254
-136 -2.4628 -24.9849 5.4435 2.8766 16.2935 6.1446 26.9894 44.3715 -102.4043 -24.6998
-135 -3.5004 -24.8013 5.4435 2.8766 16.4767 6.1446 26.9611 44.3715 -102.4002 -24.6752
-134 5.6355 -24.6161 5.4435 2.8766 16.6605 6.1446 26.9321 44.3715 -102.3935 -24.6514
-133 -0.2019 -24.4291 5.4435 2.8766 16.8447 6.1446 26.9025 44.3715 -102.3839 -24.6286
-132 3.2841 -24.2403 5.4435 2.8766 17.0291 6.1446 26.8721 44.3715 -102.3711 -24.6067
-131 -2.7950 -24.0496 5.4435 2.8766 17.2135 6.1446 26.8411 44.3715 -102.3547 -24.5857
-130 -4.7262 -23.8570 5.4435 2.8766 17.3977 6.1446 26.8094 44.3715 -102.3345 -24.5658
-129 2.6068 -23.6622 5.4435 2.8766 17.5815 6.1446 26.7770 44.3715 -102.3101 -24.5469
-128 -5.2266 -23.4653 5.4435 2.8766 17.7647 6.1446 26.7440 44.3715 -102.2812 -24.5290
-127 2.0530 -23.2660 5.4435 2.8766 17.9471 6.1446 26.7103 44.3715 -102.2475 -24.5121
-126 -0.9048 -23.0644 5.4435 2.8766 18.1285 6.1446 26.6759 44.3715 -102.2087 -24.4963
-125 3.1435 -22.8604 5.4435 2.8766 18.3087 6.1446 26.6408 44.3715 -102.1645 -24.4816
-124 -2.3383 -22.6538 5.4435 2.8766 18.4875 6.1446 26.6051 44.3715 -102.1147 -24.4679
-123 4.7361 -22.4446 5.4435 2.8766 18.6647 6.1446 26.5686 44.3715 -102.0589 -24.4553
-122 4.4396 -22.2328 5.4435 2.8766 18.8402 6.1446 26.5315 44.3715 -101.9968 -24.4439
-121 -4.5942 -22.0182 5.4435 2.8766 19.0136 6.1446 26.4938 44.3715 -101.9284 -24.4335
-120 0.0867 -21.8010 5.4435 2.8766 19.1850 6.1446 26.4554 44.3715 -101.8533 -24.4243
-119 3.4327 -21.5811 5.4435 2.8766 19.3540 6.1446 26.4163 44.3715 -101.7714 -24.4162
-118 -1.3445 -21.3585 5.4435 2.8766 19.5205 6.1446 26.3765 44.3715 -101.6825 -24.4092
-117 7.3780 -21.1333 5.4435 2.8766 19.6843 6.1446 26.3361 44.3715 -101.5866 -24.4034
-116 0.2068 -20.9057 5.4435 2.8766 19.8452 6.1446 26.2951 44.3715 -101.4836 -24.3987
-115 5.5066 -20.6757 5.4435 2.8766 20.0031 6.1446 26.2533 44.3715 -101.3734 -24.3950
-114 8.9834 -20.4433 5.4435 2.8766 20.1578 6.1446 26.2110 44.3715 -101.2560 -24.3924
-113 -1.2687 -20.2089 5.4435 2.8766 20.3092 6.1446 26.1680 44.3715 -101.1316 -24.3907
-112 4.2020 -19.9726 5.4435 2.8766 20.4570 6.1446 26.1243 44.3715 -101.0001 -24.3900
-111 1.8646 -19.7347 5.4435 2.8766 20.6012 6.1446 26.0800 44.3715 -100.8619 -24.3902
-110 8.3391 -19.4955 5.4435 2.8766 20.7416 6.1446 26.0351 44.3715 -100.7170 -24.3914
-109 -3.2256 -19.2556 5.4435 2.8766 20.8780 6.1446 25.9895 44.3715 -100.5657 -24.3936
-108 5.0952 -19.0152 5.4435 2.8766 21.0103 6.1446 25.9434 44.3715 -100.4084 -24.3967
-107 1.1421 -18.7749 5.4435 2.8766 21.1383 6.1446 25.8966 44.3715 -100.2453 -24.4007
-106 10.0213 -18.5351 5.4435 2.8766 21.2621 6.1446 25.8492 44.3715 -100.0769 -24.4057
-105 4.0638 -18.2965 5.4435 2.8766 21.3813 6.1446 25.8012 44.3715 -99.9036 -24.4116
-104 12.8199 -18.0596 5.4435 2.8766 21.4960 6.1446 25.7525 44.3715 -99.7260 -24.4183
-103 8.4085 -17.8249 5.4435 2.8766 21.6059 6.1446 25.7033 44.3715 -99.5445 -24.4260
-102 5.1065 -17.5933 5.4435 2.8766 21.7110 6.1446 25.6536 44.3715 -99.3596 -24.4345
-101 1.2973 -17.3652 5.4435 2.8766 21.8113 6.1446 25.6032 44.3715 -99.1721 -24.4438
-100 0.0036 -17.1416 5.4435 2.8766 21.9065 6.1446 25.5523 44.3715 -98.9826 -24.4540
-99 9.2018 -16.9229 5.4435 2.8766 21.9966 6.1446 25.5008 44.3715 -98.7916 -24.4650
-98 5.5641 -16.7100 5.4435 2.8766 22.0816 6.1446 25.4487 44.3715 -98.5999 -24.4767
-97 6.2697 -16.5036 5.4435 2.8766 22.1614 6.1446 25.3962 44.3715 -98.4082 -24.4892
-96 1.1903 -16.3045 5.4435 2.8766 22.2358 6.1446 25.3430 44.3715 -98.2171 -24.5025
-95 6.4399 -16.1133 5.4435 2.8766 22.3049 6.1446 25.2894 44.3715 -98.0274 -24.5164
-94 7.0934 -15.9307 5.4435 2.8766 22.3685 6.1446 25.2353 44.3715 -97.8397 -24.5310
-93 8.8549 -15.7575 5.4435 2.8766 22.4267 6.1446 25.1806 44.3715 -97.6548 -24.5462
-92 7.8995 -15.5944 5.4435 2.8766 22.4794 6.1446 25.1255 44.3715 -97.4734 -24.5621
-91 6.3070 -15.4419 5.4435 2.8766 22.5265 6.1446 25.0698 44.3715 -97.2960 -24.5785
-90 2.2585 -15.3007 5.4435 2.8766 22.5680 6.1446 25.0137 44.3715 -97.1234 -24.5954
-89 15.0056 -15.1714 5.4435 2.8766 22.6040 6.1446 24.9572 44.3715 -96.9561 -24.6127
-88 9.3092 -15.0545 5.4435 2.8766 22.6344 6.1446 24.9002 44.3715 -96.7947 -24.6305
-87 3.0776 -14.9504 5.4435 2.8766 22.6591 6.1446 24.8428 44.3715 -96.6398 -24.6487
-86 6.6693 -14.8596 5.4435 2.8766 22.6782 6.1446 24.7850 44.3715 -96.4918 -24.6672
-85 8.9381 -14.7825 5.4435 2.8766 22.6918 6.1446 24.7267 44.3715 -96.3513 -24.6860
-84 3.1341 -14.7194 5.4435 2.8766 22.6997 6.1446 24.6681 44.3715 -96.2185 -24.7049
-83 5.4333 -14.6705 5.4435 2.8766 22.7021 6.1446 24.6091 44.3715 -96.0939 -24.7241
-82 11.6518 -14.6361 5.4435 2.8766 22.6989 6.1446 24.5498 44.3715 -95.9777 -24.7433
-81 4.1726 -14.6160 5.4435 2.8766 22.6902 6.1446 24.4901 44.3715 -95.8703 -24.7622
-80 1.6328 -14.6101 5.4435 2.8766 22.6761 6.1446 24.4301 44.3715 -95.7719 -24.7807
-79 14.8809 -14.6185 5.4435 2.8766 22.6565 6.1446 24.3698 44.3715 -95.6825 -24.7986
-78 6.8565 -14.6413 5.4435 2.8766 22.6316 6.1446 24.3092 44.3715 -95.6023 -24.8160
-77 4.0018 -14.6782 5.4435 2.8766 22.6013 6.1446 24.2483 44.3715 -95.5314 -24.8328
-76 3.3348 -14.7294 5.4435 2.8766 22.5659 6.1446 24.1872 44.3715 -95.4698 -24.8489
-75 6.8892 -14.7944 5.4435 2.8766 22.5252 6.1446 24.1259 44.3715 -95.4174 -24.8644
-74 2.4235 -14.8732 5.4435 2.8766 22.4795 6.1446 24.0643 44.3715 -95.3742 -24.8791
-73 8.6690 -14.9655 5.4435 2.8766 22.4287 6.1446 24.0026 44.3715 -95.3400 -24.8931
-72 11.0515 -15.0710 5.4435 2.8766 22.3731 6.1446 23.9407 44.3715 -95.3148 -24.9062
-71 7.8336 -15.1894 5.4435 2.8766 22.3126 6.1446 23.8786 44.3715 -95.2984 -24.9185
-70 3.1713 -15.3203 5.4435 2.8766 22.2474 6.1446 23.8165 44.3715 -95.2905 -24.9299
-69 9.7613 -15.4633 5.4435 2.8766 22.1776 6.1446 23.7542 44.3715 -95.2909 -24.9404
-68 7.1494 -15.6179 5.4435 2.8766 22.1034 6.1446 23.6918 44.3715 -95.2993 -24.9500
-67 4.5125 -15.7838 5.4435 2.8766 22.0247 6.1446 23.6294 44.3715 -95.3155 -24.9586
-66 7.1430 -15.9604 5.4435 2.8766 21.9418 6.1446 23.5669 44.3715 -95.3392 -24.9661
-65 15.2698 -16.1473 5.4435 2.8766 21.8548 6.1446 23.5045 44.3715 -95.3701 -24.9726
-64 2.7266 -16.3439 5.4435 2.8766 21.7638 6.1446 23.4420 44.3715 -95.4079 -24.9781
-63 9.2252 -16.5498 5.4435 2.8766 21.6689 6.1446 23.3796 44.3715 -95.4522 -24.9825
-62 8.1002 -16.7645 5.4435 2.8766 21.5704 6.1446 23.3173 44.3715 -95.5026 -24.9857
-61 6.5919 -16.9874 5.4435 2.8766 21.4683 6.1446 23.2550 44.3715 -95.5590 -24.9879
-60 6.0828 -17.2179 5.4435 2.8766 21.3628 6.1446 23.1929 44.3715 -95.6209 -24.9889
-59 2.7078 -17.4557 5.4435 2.8766 21.2540 6.1446 23.1309 44.3715 -95.6880 -24.9889
-58 -0.4831 -17.7001 5.4435 2.8766 21.1421 6.1446 23.0691 44.3715 -95.7599 -24.9876
-57 7.3809 -17.9506 5.4435 2.8766 21.0274 6.1446 23.0075 44.3715 -95.8364 -24.9852
-56 0.6706 -18.2067 5.4435 2.8766 20.9098 6.1446 22.9461 44.3715 -95.9171 -24.9817
-55 11.7703 -18.4678 5.4435 2.8766 20.7897 6.1446 22.8850 44.3715 -96.0018 -24.9769
-54 11.0771 -18.7336 5.4435 2.8766 20.6671 6.1446 22.8241 44.3715 -96.0900 -24.9710
-53 1.0627 -19.0034 5.4435 2.8766 20.5423 6.1446 22.7636 44.3715 -96.1815 -24.9640
-52 8.1230 -19.2768 5.4435 2.8766 20.4154 6.1446 22.7035 44.3715 -96.2761 -24.9558
-51 4.1748 -19.5534 5.4435 2.8766 20.2866 6.1446 22.6437 44.3715 -96.3734 -24.9465
-50 2.6735 -19.8326 5.4435 2.8766 20.1561 6.1446 22.5843 44.3715 -96.4732 -24.9361
-49 5.1182 -20.1137 5.4435 2.8766 20.0241 6.1446 22.5254 44.3715 -96.5752 -24.9242
-48 1.0567 -20.3963 5.4435 2.8766 19.8907 6.1446 22.4669 44.3715 -96.6791 -24.9110
-47 -1.1830 -20.6797 5.4435 2.8766 19.7562 6.1446 22.4090 44.3715 -96.7849 -24.8962
-46 -0.8808 -20.9635 5.4435 2.8766 19.6207 6.1446 22.3515 44.3715 -96.8921 -24.8798
-45 -2.6505 -21.2471 5.4435 2.8766 19.4844 6.1446 22.2947 44.3715 -97.0007 -24.8617
-44 -0.7452 -21.5303 5.4435 2.8766 19.3475 6.1446 22.2384 44.3715 -97.1104 -24.8421
-43 1.2566 -21.8127 5.4435 2.8766 19.2102 6.1446 22.1828 44.3715 -97.2210 -24.8210
-42 -1.5673 -22.0941 5.4435 2.8766 19.0727 6.1446 22.1278 44.3715 -97.3323 -24.7985
-41 3.4175 -22.3741 5.4435 2.8766 18.9351 6.1446 22.0735 44.3715 -97.4443 -24.7747
-40 -3.8381 -22.6524 5.4435 2.8766 18.7978 6.1446 22.0200 44.3715 -97.5567 -24.7497
-39 -4.9113 -22.9287 5.4435 2.8766 18.6607 6.1446 21.9672 44.3715 -97.6693 -24.7235
-38 -1.6066 -23.2029 5.4435 2.8766 18.5242 6.1446 21.9152 44.3715 -97.7821 -24.6963
-37 -1.9314 -23.4745 5.4435 2.8766 18.3884 6.1446 21.8640 44.3715 -97.8949 -24.6681
-36 0.8507 -23.7432 5.4435 2.8766 18.2535 6.1446 21.8136 44.3715 -98.0076 -24.6389
-35 -1.8934 -24.0087 5.4435 2.8766 18.1197 6.1446 21.7642 44.3715 -98.1202 -24.6086
-34 -2.4596 -24.2707 5.4435 2.8766 17.9871 6.1446 21.7157 44.3715 -98.2323 -24.5774
-33 0.0742 -24.5290 5.4435 2.8766 17.8560 6.1446 21.6681 44.3715 -98.3441 -24.5452
-32 -2.9267 -24.7835 5.4435 2.8766 17.7265 6.1446 21.6215 44.3715 -98.4554 -24.5123
-31 -2.1391 -25.0339 5.4435 2.8766 17.5988 6.1446 21.5759 44.3715 -98.5661 -24.4788
-30 -5.0037 -25.2801 5.4435 2.8766 17.4730 6.1446 21.5314 44.3715 -98.6761 -24.4446
-29 2.8580 -25.5218 5.4435 2.8766 17.3494 6.1446 21.4879 44.3715 -98.7855 -24.4099
-28 -4.7334 -25.7589 5.4435 2.8766 17.2281 6.1446 21.4455 44.3715 -98.8940 -24.3748
-27 -3.1802 -25.9912 5.4435 2.8766 17.1093 6.1446 21.4043 44.3715 -99.0017 -24.3393
-26 -0.3792 -26.2185 5.4435 2.8766 16.9931 6.1446 21.3642 44.3715 -99.1084 -24.3036
-25 -7.3922 -26.4407 5.4435 2.8766 16.8797 6.1446 21.3253 44.3715 -99.2143 -24.2677
-24 -5.7266 -26.6577 5.4435 2.8766 16.7692 6.1446 21.2876 44.3715 -99.3191 -24.2316
-23 -5.0041 -26.8693 5.4435 2.8766 16.6617 6.1446 21.2512 44.3715 -99.4230 -24.1955
-22 -5.5073 -27.0753 5.4435 2.8766 16.5575 6.1446 21.2160 44.3715 -99.5257 -24.1594
-21 -7.3238 -27.2757 5.4435 2.8766 16.4567 6.1446 21.1822 44.3715 -99.6274 -24.1234
-20 -4.0546 -27.4703 5.4435 2.8766 16.3593 6.1446 21.1496 44.3715 -99.7279 -24.0876
-19 -2.8126 -27.6590 5.4435 2.8766 16.2656 6.1446 21.1184 44.3715 -99.8273 -24.0519
-18 -5.7262 -27.8417 5.4435 2.8766 16.1756 6.1446 21.0886 44.3715 -99.9255 -24.0166
-17 -9.3706 -28.0183 5.4435 2.8766 16.0895 6.1446 21.0601 44.3715 -100.0226 -23.9816
-16 -8.4980 -28.1887 5.4435 2.8766 16.0074 6.1446 21.0331 44.3715 -100.1184 -23.9470
-15 -6.2387 -28.3528 5.4435 2.8766 15.9294 6.1446 21.0074 44.3715 -100.2130 -23.9128
-14 -8.3768 -28.5105 5.4435 2.8766 15.8555 6.1446 20.9833 44.3715 -100.3064 -23.8791
-13 -6.3512 -28.6617 5.4435 2.8766 15.7860 6.1446 20.9606 44.3715 -100.3985 -23.8460
-12 -6.5211 -28.8065 5.4435 2.8766 15.7208 6.1446 20.9394 44.3715 -100.4894 -23.8135
-11 -8.3980 -28.9446 5.4435 2.8766 15.6602 6.1446 20.9197 44.3715 -100.5791 -23.7816
-10 -14.5068 -29.0761 5.4435 2.8766 15.6040 6.1446 20.9015 44.3715 -100.6675 -23.7505
-9 -2.7160 -29.2010 5.4435 2.8766 15.5525 6.1446 20.8848 44.3715 -100.7546 -23.7200
-8 -4.9895 -29.3191 5.4435 2.8766 15.5057 6.1446 20.8697 44.3715 -100.8404 -23.6904
-7 4.0924 -29.4304 5.4435 2.8766 15.4637 6.1446 20.8562 44.3715 -100.9250 -23.6615
-6 -0.6016 -29.5349 5.4435 2.8766 15.4265 6.1446 20.8442 44.3715 -101.0083 -23.6335
-5 -1.7637 -29.6326 5.4435 2.8766 15.3941 6.1446 20.8338 44.3715 -101.0904 -23.6064
-4 -13.5917 -29.7235 5.4435 2.8766 15.3667 6.1446 20.8250 44.3715 -101.1712 -23.5802
-3 -13.2027 -29.8075 5.4435 2.8766 15.3441 6.1446 20.8178 44.3715 -101.2507 -23.5549
-2 -10.4183 -29.8847 5.4435 2.8766 15.3266 6.1446 20.8121 44.3715 -101.3290 -23.5306
-1 -5.0727 -29.9550 5.4435 2.8766 15.3140 6.1446 20.8081 44.3715 -101.4061 -23.5073
0 -8.8551 -30.0185 5.4435 2.8766 15.3065 6.1446 20.8057 44.3715 -101.4819 -23.4851
1 -8.1569 -30.0752 5.4435 2.8766 15.3040 6.1446 20.8049 44.3715 -101.5565 -23.4639
2 -5.1282 -30.1251 5.4435 2.8766 15.3065 6.1446 20.8057 44.3715 -101.6298 -23.4437
3 -5.9514 -30.1682 5.4435 2.8766 15.3140 6.1446 20.8081 44.3715 -101.7019 -23.4247
4 -4.0481 -30.2046 5.4435 2.8766 15.3266 6.1446 20.8121 44.3715 -101.7729 -23.4068
5 -10.6386 -30.2344 5.4435 2.8766 15.3441 6.1446 20.8178 44.3715 -101.8426 -23.3899
6 -8.3803 -30.2575 5.4435 2.8766 15.3667 6.1446 20.8250 44.3715 -101.9111 -23.3743
7 -7.2760 -30.2740 5.4435 2.8766 15.3941 6.1446 20.8338 44.3715 -101.9784 -23.3598
8 -1.4673 -30.2841 5.4435 2.8766 15.4265 6.1446 20.8442 44.3715 -102.0445 -23.3464
9 -6.6479 -30.2877 5.4435 2.8766 15.4637 6.1446 20.8562 44.3715 -102.1095 -23.3343
10 -9.2367 -30.2849 5.4435 2.8766 15.5057 6.1446 20.8697 44.3715 -102.1733 -23.3233
11 -6.6756 -30.2759 5.4435 2.8766 15.5525 6.1446 20.8848 44.3715 -102.2360 -23.3136
12 -8.7377 -30.2607 5.4435 2.8766 15.6040 6.1446 20.9015 44.3715 -102.2975 -23.3050
13 -8.4047 -30.2395 5.4435 2.8766 15.6602 6.1446 20.9197 44.3715 -102.3579 -23.2976
14 -11.4730 -30.2122 5.4435 2.8766 15.7208 6.1446 20.9394 44.3715 -102.4172 -23.2915
15 -10.8585 -30.1791 5.4435 2.8766 15.7860 6.1446 20.9606 44.3715 -102.4754 -23.2865
16 -12.8924 -30.1402 5.4435 2.8766 15.8555 6.1446 20.9833 44.3715 -102.5324 -23.2828
17 -2.6953 -30.0956 5.4435 2.8766 15.9294 6.1446 21.0074 44.3715 -102.5884 -23.2803
18 -10.7351 -30.0456 5.4435 2.8766 16.0074 6.1446 21.0331 44.3715 -102.6433 -23.2790
19 -8.3328 -29.9902 5.4435 2.8766 16.0895 6.1446 21.0601 44.3715 -102.6971 -23.2789
20 -11.5413 -29.9295 5.4435 2.8766 16.1756 6.1446 21.0886 44.3715 -102.7499 -23.2801
21 3.4820 -29.8637 5.4435 2.8766 16.2656 6.1446 21.1184 44.3715 -102.8016 -23.2824
22 -2.4523 -29.7930 5.4435 2.8766 16.3593 6.1446 21.1496 44.3715 -102.8522 -23.2859
23 -8.3697 -29.7174 5.4435 2.8766 16.4567 6.1446 21.1822 44.3715 -102.9018 -23.2907
24 -7.2923 -29.6372 5.4435 2.8766 16.5575 6.1446 21.2160 44.3715 -102.9504 -23.2966
25 -6.6064 -29.5526 5.4435 2.8766 16.6617 6.1446 21.2512 44.3715 -102.9980 -23.3037
26 -5.2113 -29.4636 5.4435 2.8766 16.7692 6.1446 21.2876 44.3715 -103.0446 -23.3120
27 -9.6622 -29.3704 5.4435 2.8766 16.8797 6.1446 21.3253 44.3715 -103.0902 -23.3214
28 -5.8831 -29.2733 5.4435 2.8766 16.9931 6.1446 21.3642 44.3715 -103.1348 -23.3320
29 -10.8538 -29.1724 5.4435 2.8766 17.1093 6.1446 21.4043 44.3715 -103.1784 -23.3438
30 -9.7047 -29.0678 5.4435 2.8766 17.2281 6.1446 21.4455 44.3715 -103.2211 -23.3566
31 -9.0708 -28.9598 5.4435 2.8766 17.3494 6.1446 21.4879 44.3715 -103.2628 -23.3706
32 -6.8470 -28.8486 5.4435 2.8766 17.4730 6.1446 21.5314 44.3715 -103.3035 -23.3857
33 -9.5811 -28.7343 5.4435 2.8766 17.5988 6.1446 21.5759 44.3715 -103.3433 -23.4019
34 -4.8992 -28.6171 5.4435 2.8766 17.7265 6.1446 21.6215 44.3715 -103.3822 -23.4191
35 -5.6649 -28.4973 5.4435 2.8766 17.8560 6.1446 21.6681 44.3715 -103.4202 -23.4374
36 -9.3779 -28.3750 5.4435 2.8766 17.9871 6.1446 21.7157 44.3715 -103.4572 -23.4568
37 -0.8448 -28.2504 5.4435 2.8766 18.1197 6.1446 21.7642 44.3715 -103.4933 -23.4772
38 -9.3329 -28.1237 5.4435 2.8766 18.2535 6.1446 21.8136 44.3715 -103.5285 -23.4985
39 -5.8850 -27.9951 5.4435 2.8766 18.3884 6.1446 21.8640 44.3715 -103.5629 -23.5208
40 -6.7124 -27.8649 5.4435 2.8766 18.5242 6.1446 21.9152 44.3715 -103.5963 -23.5441
41 -0.5181 -27.7331 5.4435 2.8766 18.6607 6.1446 21.9672 44.3715 -103.6289 -23.5683
42 -9.6793 -27.6001 5.4435 2.8766 18.7978 6.1446 22.0200 44.3715 -103.6606 -23.5935
43 -5.9193 -27.4660 5.4435 2.8766 18.9351 6.1446 22.0735 44.3715 -103.6914 -23.6195
44 -8.0907 -27.3310 5.4435 2.8766 19.0727 6.1446 22.1278 44.3715 -103.7214 -23.6463
45 -7.4400 -27.1953 5.4435 2.8766 19.2102 6.1446 22.1828 44.3715 -103.7505 -23.6740
46 -5.5075 -27.0591 5.4435 2.8766 19.3475 6.1446 22.2384 44.3715 -103.7788 -23.7025
47 -1.0439 -26.9226 5.4435 2.8766 19.4844 6.1446 22.2947 44.3715 -103.8062 -23.7317
48 -5.0311 -26.7861 5.4435 2.8766 19.6207 6.1446 22.3515 44.3715 -103.8328 -23.7617
49 -2.0031 -26.6497 5.4435 2.8766 19.7562 6.1446 22.4090 44.3715 -103.8586 -23.7925
50 -1.1954 -26.5135 5.4435 2.8766 19.8907 6.1446 22.4669 44.3715 -103.8836 -23.8238
51 1.8004 -26.3779 5.4435 2.8766 20.0241 6.1446 22.5254 44.3715 -103.9078 -23.8558
52 -0.8360 -26.2429 5.4435 2.8766 20.1561 6.1446 22.5843 44.3715 -103.9311 -23.8884
53 -2.6348 -26.1088 5.4435 2.8766 20.2866 6.1446 22.6437 44.3715 -103.9537 -23.9216
54 -8.6165 -25.9757 5.4435 2.8766 20.4154 6.1446 22.7035 44.3715 -103.9754 -23.9554
55 -4.5117 -25.8440 5.4435 2.8766 20.5423 6.1446 22.7636 44.3715 -103.9964 -23.9897
56 -5.9716 -25.7138 5.4435 2.8766 20.6671 6.1446 22.8241 44.3715 -104.0166 -24.0246
57 -0.5358 -25.5852 5.4435 2.8766 20.7897 6.1446 22.8850 44.3715 -104.0360 -24.0600
58 -8.8257 -25.4585 5.4435 2.8766 20.9098 6.1446 22.9461 44.3715 -104.0547 -24.0959
59 -8.2848 -25.3338 5.4435 2.8766 21.0274 6.1446 23.0075 44.3715 -104.0726 -24.1323
60 -0.7924 -25.2114 5.4435 2.8766 21.1421 6.1446 23.0691 44.3715 -104.0897 -24.1692
61 -5.2437 -25.0914 5.4435 2.8766 21.2540 6.1446 23.1309 44.3715 -104.1060 -24.2065
62 -5.6545 -24.9740 5.4435 2.8766 21.3628 6.1446 23.1929 44.3715 -104.1216 -24.2442
63 -9.8496 -24.8593 5.4435 2.8766 21.4683 6.1446 23.2550 44.3715 -104.1365 -24.2823
64 -4.7280 -24.7476 5.4435 2.8766 21.5704 6.1446 23.3173 44.3715 -104.1506 -24.3208
65 -4.6152 -24.6389 5.4435 2.8766 21.6689 6.1446 23.3796 44.3715 -104.1640 -24.3597
66 1.0067 -24.5335 5.4435 2.8766 21.7638 6.1446 23.4420 44.3715 -104.1767 -24.3989
67 1.2218 -24.4314 5.4435 2.8766 21.8548 6.1446 23.5045 44.3715 -104.1886 -24.4384
68 -6.1011 -24.3329 5.4435 2.8766 21.9418 6.1446 23.5669 44.3715 -104.1998 -24.4782
69 3.5003 -24.2381 5.4435 2.8766 22.0247 6.1446 23.6294 44.3715 -104.2102 -24.5182
70 -8.3846 -24.1471 5.4435 2.8766 22.1034 6.1446 23.6918 44.3715 -104.2200 -24.5585
71 -1.3538 -24.0601 5.4435 2.8766 22.1776 6.1446 23.7542 44.3715 -104.2290 -24.5991
72 -5.5525 -23.9771 5.4435 2.8766 22.2474 6.1446 23.8165 44.3715 -104.2374 -24.6398
73 0.6491 -23.8983 5.4435 2.8766 22.3126 6.1446 23.8786 44.3715 -104.2450 -24.6808
74 -6.8333 -23.8238 5.4435 2.8766 22.3731 6.1446 23.9407 44.3715 -104.2520 -24.7218
75 0.2058 -23.7537 5.4435 2.8766 22.4287 6.1446 24.0026 44.3715 -104.2582 -24.7631
76 0.2947 -23.6881 5.4435 2.8766 22.4795 6.1446 24.0643 44.3715 -104.2637 -24.8044
77 1.4079 -23.6271 5.4435 2.8766 22.5252 6.1446 24.1259 44.3715 -104.2686 -24.8458
78 -2.6962 -23.5708 5.4435 2.8766 22.5659 6.1446 24.1872 44.3715 -104.2728 -24.8873
79 2.8236 -23.5192 5.4435 2.8766 22.6013 6.1446 24.2483 44.3715 -104.2763 -24.9289
80 -2.1420 -23.4725 5.4435 2.8766 22.6316 6.1446 24.3092 44.3715 -104.2791 -24.9704
81 0.1789 -23.4307 5.4435 2.8766 22.6565 6.1446 24.3698 44.3715 -104.2813 -25.0120
82 -9.1813 -23.3938 5.4435 2.8766 22.6761 6.1446 24.4301 44.3715 -104.2827 -25.0535
83 -7.8556 -23.3620 5.4435 2.8766 22.6902 6.1446 24.4901 44.3715 -104.2835 -25.0950
84 -2.6975 -23.3352 5.4435 2.8766 22.6989 6.1446 24.5498 44.3715 -104.2837 -25.1365
85 -1.9361 -23.3136 5.4435 2.8766 22.7021 6.1446 24.6091 44.3715 -104.2832 -25.1778
86 -6.1266 -23.2970 5.4435 2.8766 22.6997 6.1446 24.6681 44.3715 -104.2821 -25.2190
87 -0.2470 -23.2856 5.4435 2.8766 22.6918 6.1446 24.7267 44.3715 -104.2803 -25.2601
88 -3.1438 -23.2794 5.4435 2.8766 22.6782 6.1446 24.7850 44.3715 -104.2778 -25.3010
89 2.4467 -23.2784 5.4435 2.8766 22.6591 6.1446 24.8428 44.3715 -104.2747 -25.3418
90 -0.0232 -23.2825 5.4435 2.8766 22.6344 6.1446 24.9002 44.3715 -104.2710 -25.3823
91 -3.0068 -23.2918 5.4435 2.8766 22.6040 6.1446 24.9572 44.3715 -104.2667 -25.4226
92 -2.0958 -23.3063 5.4435 2.8766 22.5680 6.1446 25.0137 44.3715 -104.2617 -25.4627
93 1.7429 -23.3259 5.4435 2.8766 22.5265 6.1446 25.0698 44.3715 -104.2561 -25.5024
94 -0.1684 -23.3507 5.4435 2.8766 22.4794 6.1446 25.1255 44.3715 -104.2499 -25.5419
95 -6.8491 -23.3805 5.4435 2.8766 22.4267 6.1446 25.1806 44.3715 -104.2430 -25.5810
96 -3.9837 -23.4154 5.4435 2.8766 22.3685 6.1446 25.2353 44.3715 -104.2356 -25.6198
97 1.2877 -23.4552 5.4435 2.8766 22.3049 6.1446 25.2894 44.3715 -104.2276 -25.6582
98 1.1219 -23.5000 5.4435 2.8766 22.2358 6.1446 25.3430 44.3715 -104.2189 -25.6962
99 -4.1927 -23.5497 5.4435 2.8766 22.1614 6.1446 25.3962 44.3715 -104.2097 -25.7337
100 -0.4120 -23.6041 5.4435 2.8766 22.0816 6.1446 25.4487 44.3715 -104.1999 -25.7708
101 2.9192 -23.6633 5.4435 2.8766 21.9966 6.1446 25.5008 44.3715 -104.1895 -25.8075
102 0.8214 -23.7270 5.4435 2.8766 21.9065 6.1446 25.5523 44.3715 -104.1785 -25.8436
103 -2.2135 -23.7954 5.4435 2.8766 21.8113 6.1446 25.6032 44.3715 -104.1669 -25.8791
104 -9.2665 -23.8681 5.4435 2.8766 21.7110 6.1446 25.6536 44.3715 -104.1548 -25.9141
105 -3.3840 -23.9452 5.4435 2.8766 21.6059 6.1446 25.7033 44.3715 -104.1422 -25.9485
106 -4.2079 -24.0265 5.4435 2.8766 21.4960 6.1446 25.7525 44.3715 -104.1289 -25.9823
107 -2.2031 -24.1119 5.4435 2.8766 21.3813 6.1446 25.8012 44.3715 -104.1152 -26.0154
108 4.5573 -24.2013 5.4435 2.8766 21.2621 6.1446 25.8492 44.3715 -104.1009 -26.0479
109 5.1687 -24.2946 5.4435 2.8766 21.1383 6.1446 25.8966 44.3715 -104.0860 -26.0796
110 -3.9559 -24.3915 5.4435 2.8766 21.0103 6.1446 25.9434 44.3715 -104.0707 -26.1107
111 2.6044 -24.4921 5.4435 2.8766 20.8780 6.1446 25.9895 44.3715 -104.0548 -26.1410
112 -4.0816 -24.5961 5.4435 2.8766 20.7416 6.1446 26.0351 44.3715 -104.0384 -26.1705
113 -7.0866 -24.7034 5.4435 2.8766 20.6012 6.1446 26.0800 44.3715 -104.0216 -26.1993
114 -8.3746 -24.8142 5.4435 2.8766 20.4570 6.1446 26.1243 44.3715 -104.0042 -26.2275
115 -0.5755 -24.9281 5.4435 2.8766 20.3092 6.1446 26.1680 44.3715 -103.9864 -26.2551
116 -0.0253 -25.0450 5.4435 2.8766 20.1578 6.1446 26.2110 44.3715 -103.9680 -26.2820
117 -4.0730 -25.1649 5.4435 2.8766 20.0031 6.1446 26.2533 44.3715 -103.9493 -26.3083
118 0.2971 -25.2875 5.4435 2.8766 19.8452 6.1446 26.2951 44.3715 -103.9300 -26.3340
119 1.9394 -25.4127 5.4435 2.8766 19.6843 6.1446 26.3361 44.3715 -103.9104 -26.3589
120 -6.9526 -25.5403 5.4435 2.8766 19.5205 6.1446 26.3765 44.3715 -103.8902 -26.3833
121 -5.2235 -25.6703 5.4435 2.8766 19.3540 6.1446 26.4163 44.3715 -103.8697 -26.4071
122 1.7095 -25.8023 5.4435 2.8766 19.1850 6.1446 26.4554 44.3715 -103.8488 -26.4302
123 -2.3038 -25.9364 5.4435 2.8766 19.0136 6.1446 26.4938 44.3715 -103.8274 -26.4526
124 -1.6253 -26.0721 5.4435 2.8766 18.8402 6.1446 26.5315 44.3715 -103.8057 -26.4744
125 3.8594 -26.2095 5.4435 2.8766 18.6647 6.1446 26.5686 44.3715 -103.7836 -26.4954
126 -0.1710 -26.3482 5.4435 2.8766 18.4875 6.1446 26.6051 44.3715 -103.7612 -26.5158
127 -6.6898 -26.4881 5.4435 2.8766 18.3087 6.1446 26.6408 44.3715 -103.7383 -26.5355
128 -10.3267 -26.6290 5.4435 2.8766 18.1285 6.1446 26.6759 44.3715 -103.7152 -26.5544
129 -2.1940 -26.7707 5.4435 2.8766 17.9471 6.1446 26.7103 44.3715 -103.6917 -26.5726
130 -0.1358 -26.9130 5.4435 2.8766 17.7647 6.1446 26.7440 44.3715 -103.6679 -26.5900
131 -4.7605 -27.0558 5.4435 2.8766 17.5815 6.1446 26.7770 44.3715 -103.6439 -26.6067
132 2.1415 -27.1987 5.4435 2.8766 17.3977 6.1446 26.8094 44.3715 -103.6195 -26.6225
133 -4.3861 -27.3417 5.4435 2.8766 17.2135 6.1446 26.8411 44.3715 -103.5949 -26.6376
134 -9.7389 -27.4844 5.4435 2.8766 17.0291 6.1446 26.8721 44.3715 -103.5700 -26.6519
135 -7.8063 -27.6268 5.4435 2.8766 16.8447 6.1446 26.9025 44.3715 -103.5449 -26.6653
136 -1.3499 -27.7686 5.4435 2.8766 16.6605 6.1446 26.9321 44.3715 -103.5195 -26.6779
137 -5.2769 -27.9097 5.4435 2.8766 16.4767 6.1446 26.9611 44.3715 -103.4940 -26.6897
138 -8.3935 -28.0497 5.4435 2.8766 16.2935 6.1446 26.9894 44.3715 -103.4683 -26.7006
139 -5.6992 -28.1885 5.4435 2.8766 16.1112 6.1446 27.0170 44.3715 -103.4424 -26.7106
140 -2.5411 -28.3260 5.4435 2.8766 15.9298 6.1446 27.0440 44.3715 -103.4163 -26.7197
141 -6.6132 -28.4618 5.4435 2.8766 15.7497 6.1446 27.0703 44.3715 -103.3901 -26.7279
142 -8.8517 -28.5959 5.4435 2.8766 15.5710 6.1446 27.0959 44.3715 -103.3638 -26.7352
143 -6.9202 -28.7281 5.4435 2.8766 15.3939 6.1446 27.1208 44.3715 -103.3374 -26.7417
144 -7.1487 -28.8583 5.4435 2.8766 15.2186 6.1446 27.1450 44.3715 -103.3109 -26.7474
145 -1.6326 -28.9862 5.4435 2.8766 15.0454 6.1446 27.1686 44.3715 -103.2843 -26.7522
146 -6.2989 -29.1117 5.4435 2.8766 14.8743 6.1446 27.1915 44.3715 -103.2577 -26.7561
147 -8.7189 -29.2345 5.4435 2.8766 14.7056 6.1446 27.2138 44.3715 -103.2310 -26.7592
148 -2.0943 -29.3546 5.4435 2.8766 14.5395 6.1446 27.2354 44.3715 -103.2043 -26.7614
149 -5.3546 -29.4717 5.4435 2.8766 14.3762 6.1446 27.2563 44.3715 -103.1776 -26.7628
150 -8.4001 -29.5857 5.4435 2.8766 14.2158 6.1446 27.2765 44.3715 -103.1510 -26.7633
151 -8.6988 -29.6965 5.4435 2.8766 14.0585 6.1446 27.2961 44.3715 -103.1244 -26.7630
152 -7.0495 -29.8037 5.4435 2.8766 13.9046 6.1446 27.3150 44.3715 -103.0978 -26.7617
153 -10.1481 -29.9074 5.4435 2.8766 13.7541 6.1446 27.3333 44.3715 -103.0713 -26.7596
154 -13.8650 -30.0072 5.4435 2.8766 13.6073 6.1446 27.3509 44.3715 -103.0449 -26.7567
155 -9.5337 -30.1031 5.4435 2.8766 13.4642 6.1446 27.3678 44.3715 -103.0187 -26.7528
156 -2.8625 -30.1950 5.4435 2.8766 13.3252 6.1446 27.3841 44.3715 -102.9925 -26.7480
157 -3.4040 -30.2826 5.4435 2.8766 13.1903 6.1446 27.3998 44.3715 -102.9666 -26.7423
158 -12.3367 -30.3658 5.4435 2.8766 13.0596 6.1446 27.4147 44.3715 -102.9407 -26.7357
159 -12.6485 -30.4446 5.4435 2.8766 12.9334 6.1446 27.4291 44.3715 -102.9151 -26.7282
160 -5.8951 -30.5187 5.4435 2.8766 12.8117 6.1446 27.4427 44.3715 -102.8897 -26.7197
161 -6.7236 -30.5881 5.4435 2.8766 12.6948 6.1446 27.4558 44.3715 -102.8645 -26.7104
162 -11.3498 -30.6527 5.4435 2.8766 12.5827 6.1446 27.4682 44.3715 -102.8396 -26.7002
163 -10.2979 -30.7122 5.4435 2.8766 12.4755 6.1446 27.4799 44.3715 -102.8149 -26.6890
164 -11.8817 -30.7667 5.4435 2.8766 12.3734 6.1446 27.4910 44.3715 -102.7905 -26.6768
165 -8.8674 -30.8159 5.4435 2.8766 12.2766 6.1446 27.5015 44.3715 -102.7664 -26.6638
166 -10.7639 -30.8599 5.4435 2.8766 12.1850 6.1446 27.5113 44.3715 -102.7427 -26.6498
167 -5.2476 -30.8985 5.4435 2.8766 12.0989 6.1446 27.5204 44.3715 -102.7193 -26.6348
168 -14.9176 -30.9316 5.4435 2.8766 12.0182 6.1446 27.5290 44.3715 -102.6962 -26.6188
169 -7.1132 -30.9591 5.4435 2.8766 11.9432 6.1446 27.5369 44.3715 -102.6736 -26.6019
170 -16.6336 -30.9810 5.4435 2.8766 11.8739 6.1446 27.5441 44.3715 -102.6513 -26.5839
171 -5.2570 -30.9972 5.4435 2.8766 11.8103 6.1446 27.5508 44.3715 -102.6295 -26.5650
172 -5.9891 -31.0076 5.4435 2.8766 11.7525 6.1446 27.5568 44.3715 -102.6081 -26.5450
173 -9.1731 -31.0122 5.4435 2.8766 11.7007 6.1446 27.5621 44.3715 -102.5872 -26.5240
174 -6.3846 -31.0109 5.4435 2.8766 11.6548 6.1446 27.5669 44.3715 -102.5668 -26.5020
175 -8.9735 -31.0037 5.4435 2.8766 11.6149 6.1446 27.5709 44.3715 -102.5469 -26.4789
176 -8.6820 -30.9905 5.4435 2.8766 11.5811 6.1446 27.5744 44.3715 -102.5276 -26.4547
177 -8.6404 -30.9713 5.4435 2.8766 11.5534 6.1446 27.5772 44.3715 -102.5088 -26.4294
178 -15.4884 -30.9461 5.4435 2.8766 11.5318 6.1446 27.5794 44.3715 -102.4905 -26.4030
179 0.3558 -30.9148 5.4435 2.8766 11.5164 6.1446 27.5810 44.3715 -102.4729 -26.3755
180 -8.7644 -30.8775 5.4435 2.8766 11.5071 6.1446 27.5820 44.3715 -102.4559 -26.3469
