-180 11.5040
-179 11.5040
-178 11.5071
-177 11.5164
-176 11.5318
-175 11.5534
-174 11.5811
-173 11.6149
-172 11.6548
-171 11.7007
-170 11.7525
-169 11.8103
-168 11.8739
-167 11.9432
-166 12.0182
-165 12.0989
-164 12.1850
-163 12.2766
-162 12.3734
-161 12.4755
-160 12.5827
-159 12.6948
-158 12.8117
-157 12.9334
-156 13.0596
-155 13.1903
-154 13.3252
-153 13.4642
-152 13.6073
-151 13.7541
-150 13.9046
-149 14.0585
-148 14.2158
-147 14.3762
-146 14.5395
-145 14.7056
-144 14.8743
-143 15.0454
-142 15.2186
-141 15.3939
-140 15.5710
-139 15.7497
-138 15.9298
-137 16.1112
-136 16.2935
-135 16.4767
-134 16.6605
-133 16.8447
-132 17.0291
-131 17.2135
-130 17.3977
-129 17.5815
-128 17.7647
-127 17.9471
-126 18.1285
-125 18.3087
-124 18.4875
-123 18.6647
-122 18.8402
-121 19.0136
-120 19.1850
-119 19.3540
-118 19.5205
-117 19.6843
-116 19.8452
-115 20.0031
-114 20.1578
-113 20.3092
-112 20.4570
-111 20.6012
-110 20.7416
-109 20.8780
-108 21.0103
-107 21.1383
-106 21.2621
-105 21.3813
-104 21.4960
-103 21.6059
-102 21.7110
-101 21.8113
-100 21.9065
-99 21.9966
-98 22.0816
-97 22.1614
-96 22.2358
-95 22.3049
-94 22.3685
-93 22.4267
-92 22.4794
-91 22.5265
-90 22.5680
-89 22.6040
-88 22.6344
-87 22.6591
-86 22.6782
-85 22.6918
-84 22.6997
-83 22.7021
-82 22.6989
-81 22.6902
-80 22.6761
-79 22.6565
-78 22.6316
-77 22.6013
-76 22.5659
-75 22.5252
-74 22.4795
-73 22.4287
-72 22.3731
-71 22.3126
-70 22.2474
-69 22.1776
-68 22.1034
-67 22.0247
-66 21.9418
-65 21.8548
-64 21.7638
-63 21.6689
-62 21.5704
-61 21.4683
-60 21.3628
-59 21.2540
-58 21.1421
-57 21.0274
-56 20.9098
-55 20.7897
-54 20.6671
-53 20.5423
-52 20.4154
-51 20.2866
-50 20.1561
-49 20.0241
-48 19.8907
-47 19.7562
-46 19.6207
-45 19.4844
-44 19.3475
-43 19.2102
-42 19.0727
-41 18.9351
-40 18.7978
-39 18.6607
-38 18.5242
-37 18.3884
-36 18.2535
-35 18.1197
-34 17.9871
-33 17.8560
-32 17.7265
-31 17.5988
-30 17.4730
-29 17.3494
-28 17.2281
-27 17.1093
-26 16.9931
-25 16.8797
-24 16.7692
-23 16.6617
-22 16.5575
-21 16.4567
-20 16.3593
-19 16.2656
-18 16.1756
-17 16.0895
-16 16.0074
-15 15.9294
-14 15.8555
-13 15.7860
-12 15.7208
-11 15.6602
-10 15.6040
-9 15.5525
-8 15.5057
-7 15.4637
-6 15.4265
-5 15.3941
-4 15.3667
-3 15.3441
-2 15.3266
-1 15.3140
0 15.3065
1 15.3040
2 15.3065
3 15.3140
4 15.3266
5 15.3441
6 15.3667
7 15.3941
8 15.4265
9 15.4637
10 15.5057
11 15.5525
12 15.6040
13 15.6602
14 15.7208
15 15.7860
16 15.8555
17 15.9294
18 16.0074
19 16.0895
20 16.1756
21 16.2656
22 16.3593
23 16.4567
24 16.5575
25 16.6617
26 16.7692
27 16.8797
28 16.9931
29 17.1093
30 17.2281
31 17.3494
32 17.4730
33 17.5988
34 17.7265
35 17.8560
36 17.9871
37 18.1197
38 18.2535
39 18.3884
40 18.5242
41 18.6607
42 18.7978
43 18.9351
44 19.0727
45 19.2102
46 19.3475
47 19.4844
48 19.6207
49 19.7562
50 19.8907
51 20.0241
52 20.1561
53 20.2866
54 20.4154
55 20.5423
56 20.6671
57 20.7897
58 20.9098
59 21.0274
60 21.1421
61 21.2540
62 21.3628
63 21.4683
64 21.5704
65 21.6689
66 21.7638
67 21.8548
68 21.9418
69 22.0247
70 22.1034
71 22.1776
72 22.2474
73 22.3126
74 22.3731
75 22.4287
76 22.4795
77 22.5252
78 22.5659
79 22.6013
80 22.6316
81 22.6565
82 22.6761
83 22.6902
84 22.6989
85 22.7021
86 22.6997
87 22.6918
88 22.6782
89 22.6591
90 22.6344
91 22.6040
92 22.5680
93 22.5265
94 22.4794
95 22.4267
96 22.3685
97 22.3049
98 22.2358
99 22.1614
100 22.0816
101 21.9966
102 21.9065
103 21.8113
104 21.7110
105 21.6059
106 21.4960
107 21.3813
108 21.2621
109 21.1383
110 21.0103
111 20.8780
112 20.7416
113 20.6012
114 20.4570
115 20.3092
116 20.1578
117 20.0031
118 19.8452
119 19.6843
120 19.5205
121 19.3540
122 19.1850
123 19.0136
124 18.8402
125 18.6647
126 18.4875
127 18.3087
128 18.1285
129 17.9471
130 17.7647
131 17.5815
132 17.3977
133 17.2135
134 17.0291
135 16.8447
136 16.6605
137 16.4767
138 16.2935
139 16.1112
140 15.9298
141 15.7497
142 15.5710
143 15.3939
144 15.2186
145 15.0454
146 14.8743
147 14.7056
148 14.5395
149 14.3762
150 14.2158
151 14.0585
152 13.9046
153 13.7541
154 13.6073
155 13.4642
156 13.3252
157 13.1903
158 13.0596
159 12.9334
160 12.8117
161 12.6948
162 12.5827
163 12.4755
164 12.3734
165 12.2766
166 12.1850
167 12.0989
168 12.0182
169 11.9432
170 11.8739
171 11.8103
172 11.7525
173 11.7007
174 11.6548
175 11.6149
176 11.5811
177 11.5534
178 11.5318
179 11.5164
180 11.5071
181 11.5040
