-180 -102.4396
-179 -102.4396
-178 -102.4240
-177 -102.4090
-176 -102.3948
-175 -102.3813
-174 -102.3685
-173 -102.3566
-172 -102.3455
-171 -102.3352
-170 -102.3258
-169 -102.3172
-168 -102.3096
-167 -102.3028
-166 -102.2970
-165 -102.2921
-164 -102.2882
-163 -102.2852
-162 -102.2831
-161 -102.2820
-160 -102.2818
-159 -102.2826
-158 -102.2843
-157 -102.2869
-156 -102.2903
-155 -102.2945
-154 -102.2995
-153 -102.3053
-152 -102.3116
-151 -102.3186
-150 -102.3260
-149 -102.3339
-148 -102.3420
-147 -102.3503
-146 -102.3586
-145 -102.3668
-144 -102.3747
-143 -102.3822
-142 -102.3890
-141 -102.3950
-140 -102.3999
-139 -102.4036
-138 -102.4057
-137 -102.4060
-136 -102.4043
-135 -102.4002
-134 -102.3935
-133 -102.3839
-132 -102.3711
-131 -102.3547
-130 -102.3345
-129 -102.3101
-128 -102.2812
-127 -102.2475
-126 -102.2087
-125 -102.1645
-124 -102.1147
-123 -102.0589
-122 -101.9968
-121 -101.9284
-120 -101.8533
-119 -101.7714
-118 -101.6825
-117 -101.5866
-116 -101.4836
-115 -101.3734
-114 -101.2560
-113 -101.1316
-112 -101.0001
-111 -100.8619
-110 -100.7170
-109 -100.5657
-108 -100.4084
-107 -100.2453
-106 -100.0769
-105 -99.9036
-104 -99.7260
-103 -99.5445
-102 -99.3596
-101 -99.1721
-100 -98.9826
-99 -98.7916
-98 -98.5999
-97 -98.4082
-96 -98.2171
-95 -98.0274
-94 -97.8397
-93 -97.6548
-92 -97.4734
-91 -97.2960
-90 -97.1234
-89 -96.9561
-88 -96.7947
-87 -96.6398
-86 -96.4918
-85 -96.3513
-84 -96.2185
-83 -96.0939
-82 -95.9777
-81 -95.8703
-80 -95.7719
-79 -95.6825
-78 -95.6023
-77 -95.5314
-76 -95.4698
-75 -95.4174
-74 -95.3742
-73 -95.3400
-72 -95.3148
-71 -95.2984
-70 -95.2905
-69 -95.2909
-68 -95.2993
-67 -95.3155
-66 -95.3392
-65 -95.3701
-64 -95.4079
-63 -95.4522
-62 -95.5026
-61 -95.5590
-60 -95.6209
-59 -95.6880
-58 -95.7599
-57 -95.8364
-56 -95.9171
-55 -96.0018
-54 -96.0900
-53 -96.1815
-52 -96.2761
-51 -96.3734
-50 -96.4732
-49 -96.5752
-48 -96.6791
-47 -96.7849
-46 -96.8921
-45 -97.0007
-44 -97.1104
-43 -97.2210
-42 -97.3323
-41 -97.4443
-40 -97.5567
-39 -97.6693
-38 -97.7821
-37 -97.8949
-36 -98.0076
-35 -98.1202
-34 -98.2323
-33 -98.3441
-32 -98.4554
-31 -98.5661
-30 -98.6761
-29 -98.7855
-28 -98.8940
-27 -99.0017
-26 -99.1084
-25 -99.2143
-24 -99.3191
-23 -99.4230
-22 -99.5257
-21 -99.6274
-20 -99.7279
-19 -99.8273
-18 -99.9255
-17 -100.0226
-16 -100.1184
-15 -100.2130
-14 -100.3064
-13 -100.3985
-12 -100.4894
-11 -100.5791
-10 -100.6675
-9 -100.7546
-8 -100.8404
-7 -100.9250
-6 -101.0083
-5 -101.0904
-4 -101.1712
-3 -101.2507
-2 -101.3290
-1 -101.4061
0 -101.4819
1 -101.5565
2 -101.6298
3 -101.7019
4 -101.7729
5 -101.8426
6 -101.9111
7 -101.9784
8 -102.0445
9 -102.1095
10 -102.1733
11 -102.2360
12 -102.2975
13 -102.3579
14 -102.4172
15 -102.4754
16 -102.5324
17 -102.5884
18 -102.6433
19 -102.6971
20 -102.7499
21 -102.8016
22 -102.8522
23 -102.9018
24 -102.9504
25 -102.9980
26 -103.0446
27 -103.0902
28 -103.1348
29 -103.1784
30 -103.2211
31 -103.2628
32 -103.3035
33 -103.3433
34 -103.3822
35 -103.4202
36 -103.4572
37 -103.4933
38 -103.5285
39 -103.5629
40 -103.5963
41 -103.6289
42 -103.6606
43 -103.6914
44 -103.7214
45 -103.7505
46 -103.7788
47 -103.8062
48 -103.8328
49 -103.8586
50 -103.8836
51 -103.9078
52 -103.9311
53 -103.9537
54 -103.9754
55 -103.9964
56 -104.0166
57 -104.0360
58 -104.0547
59 -104.0726
60 -104.0897
61 -104.1060
62 -104.1216
63 -104.1365
64 -104.1506
65 -104.1640
66 -104.1767
67 -104.1886
68 -104.1998
69 -104.2102
70 -104.2200
71 -104.2290
72 -104.2374
73 -104.2450
74 -104.2520
75 -104.2582
76 -104.2637
77 -104.2686
78 -104.2728
79 -104.2763
80 -104.2791
81 -104.2813
82 -104.2827
83 -104.2835
84 -104.2837
85 -104.2832
86 -104.2821
87 -104.2803
88 -104.2778
89 -104.2747
90 -104.2710
91 -104.2667
92 -104.2617
93 -104.2561
94 -104.2499
95 -104.2430
96 -104.2356
97 -104.2276
98 -104.2189
99 -104.2097
100 -104.1999
101 -104.1895
102 -104.1785
103 -104.1669
104 -104.1548
105 -104.1422
106 -104.1289
107 -104.1152
108 -104.1009
109 -104.0860
110 -104.0707
111 -104.0548
112 -104.0384
113 -104.0216
114 -104.0042
115 -103.9864
116 -103.9680
117 -103.9493
118 -103.9300
119 -103.9104
120 -103.8902
121 -103.8697
122 -103.8488
123 -103.8274
124 -103.8057
125 -103.7836
126 -103.7612
127 -103.7383
128 -103.7152
129 -103.6917
130 -103.6679
131 -103.6439
132 -103.6195
133 -103.5949
134 -103.5700
135 -103.5449
136 -103.5195
137 -103.4940
138 -103.4683
139 -103.4424
140 -103.4163
141 -103.3901
142 -103.3638
143 -103.3374
144 -103.3109
145 -103.2843
146 -103.2577
147 -103.2310
148 -103.2043
149 -103.1776
150 -103.1510
151 -103.1244
152 -103.0978
153 -103.0713
154 -103.0449
155 -103.0187
156 -102.9925
157 -102.9666
158 -102.9407
159 -102.9151
160 -102.8897
161 -102.8645
162 -102.8396
163 -102.8149
164 -102.7905
165 -102.7664
166 -102.7427
167 -102.7193
168 -102.6962
169 -102.6736
170 -102.6513
171 -102.6295
172 -102.6081
173 -102.5872
174 -102.5668
175 -102.5469
176 -102.5276
177 -102.5088
178 -102.4905
179 -102.4729
180 -102.4559
181 -102.4396
