-180 -26.3171
-179 -26.3171
-178 -26.2861
-177 -26.2542
-176 -26.2214
-175 -26.1879
-174 -26.1535
-173 -26.1183
-172 -26.0822
-171 -26.0453
-170 -26.0075
-169 -25.9689
-168 -25.9293
-167 -25.8888
-166 -25.8474
-165 -25.8050
-164 -25.7620
-163 -25.7184
-162 -25.6745
-161 -25.6300
-160 -25.5854
-159 -25.5408
-158 -25.4961
-157 -25.4514
-156 -25.4070
-155 -25.3632
-154 -25.3200
-153 -25.2776
-152 -25.2359
-151 -25.1950
-150 -25.1550
-149 -25.1158
-148 -25.0775
-147 -25.0402
-146 -25.0038
-145 -24.9685
-144 -24.9342
-143 -24.9009
-142 -24.8688
-141 -24.8378
-140 -24.8079
-139 -24.7792
-138 -24.7518
-137 -24.7254
-136 -24.6998
-135 -24.6752
-134 -24.6514
-133 -24.6286
-132 -24.6067
-131 -24.5857
-130 -24.5658
-129 -24.5469
-128 -24.5290
-127 -24.5121
-126 -24.4963
-125 -24.4816
-124 -24.4679
-123 -24.4553
-122 -24.4439
-121 -24.4335
-120 -24.4243
-119 -24.4162
-118 -24.4092
-117 -24.4034
-116 -24.3987
-115 -24.3950
-114 -24.3924
-113 -24.3907
-112 -24.3900
-111 -24.3902
-110 -24.3914
-109 -24.3936
-108 -24.3967
-107 -24.4007
-106 -24.4057
-105 -24.4116
-104 -24.4183
-103 -24.4260
-102 -24.4345
-101 -24.4438
-100 -24.4540
-99 -24.4650
-98 -24.4767
-97 -24.4892
-96 -24.5025
-95 -24.5164
-94 -24.5310
-93 -24.5462
-92 -24.5621
-91 -24.5785
-90 -24.5954
-89 -24.6127
-88 -24.6305
-87 -24.6487
-86 -24.6672
-85 -24.6860
-84 -24.7049
-83 -24.7241
-82 -24.7433
-81 -24.7622
-80 -24.7807
-79 -24.7986
-78 -24.8160
-77 -24.8328
-76 -24.8489
-75 -24.8644
-74 -24.8791
-73 -24.8931
-72 -24.9062
-71 -24.9185
-70 -24.9299
-69 -24.9404
-68 -24.9500
-67 -24.9586
-66 -24.9661
-65 -24.9726
-64 -24.9781
-63 -24.9825
-62 -24.9857
-61 -24.9879
-60 -24.9889
-59 -24.9889
-58 -24.9876
-57 -24.9852
-56 -24.9817
-55 -24.9769
-54 -24.9710
-53 -24.9640
-52 -24.9558
-51 -24.9465
-50 -24.9361
-49 -24.9242
-48 -24.9110
-47 -24.8962
-46 -24.8798
-45 -24.8617
-44 -24.8421
-43 -24.8210
-42 -24.7985
-41 -24.7747
-40 -24.7497
-39 -24.7235
-38 -24.6963
-37 -24.6681
-36 -24.6389
-35 -24.6086
-34 -24.5774
-33 -24.5452
-32 -24.5123
-31 -24.4788
-30 -24.4446
-29 -24.4099
-28 -24.3748
-27 -24.3393
-26 -24.3036
-25 -24.2677
-24 -24.2316
-23 -24.1955
-22 -24.1594
-21 -24.1234
-20 -24.0876
-19 -24.0519
-18 -24.0166
-17 -23.9816
-16 -23.9470
-15 -23.9128
-14 -23.8791
-13 -23.8460
-12 -23.8135
-11 -23.7816
-10 -23.7505
-9 -23.7200
-8 -23.6904
-7 -23.6615
-6 -23.6335
-5 -23.6064
-4 -23.5802
-3 -23.5549
-2 -23.5306
-1 -23.5073
0 -23.4851
1 -23.4639
2 -23.4437
3 -23.4247
4 -23.4068
5 -23.3899
6 -23.3743
7 -23.3598
8 -23.3464
9 -23.3343
10 -23.3233
11 -23.3136
12 -23.3050
13 -23.2976
14 -23.2915
15 -23.2865
16 -23.2828
17 -23.2803
18 -23.2790
19 -23.2789
20 -23.2801
21 -23.2824
22 -23.2859
23 -23.2907
24 -23.2966
25 -23.3037
26 -23.3120
27 -23.3214
28 -23.3320
29 -23.3438
30 -23.3566
31 -23.3706
32 -23.3857
33 -23.4019
34 -23.4191
35 -23.4374
36 -23.4568
37 -23.4772
38 -23.4985
39 -23.5208
40 -23.5441
41 -23.5683
42 -23.5935
43 -23.6195
44 -23.6463
45 -23.6740
46 -23.7025
47 -23.7317
48 -23.7617
49 -23.7925
50 -23.8238
51 -23.8558
52 -23.8884
53 -23.9216
54 -23.9554
55 -23.9897
56 -24.0246
57 -24.0600
58 -24.0959
59 -24.1323
60 -24.1692
61 -24.2065
62 -24.2442
63 -24.2823
64 -24.3208
65 -24.3597
66 -24.3989
67 -24.4384
68 -24.4782
69 -24.5182
70 -24.5585
71 -24.5991
72 -24.6398
73 -24.6808
74 -24.7218
75 -24.7631
76 -24.8044
77 -24.8458
78 -24.8873
79 -24.9289
80 -24.9704
81 -25.0120
82 -25.0535
83 -25.0950
84 -25.1365
85 -25.1778
86 -25.2190
87 -25.2601
88 -25.3010
89 -25.3418
90 -25.3823
91 -25.4226
92 -25.4627
93 -25.5024
94 -25.5419
95 -25.5810
96 -25.6198
97 -25.6582
98 -25.6962
99 -25.7337
100 -25.7708
101 -25.8075
102 -25.8436
103 -25.8791
104 -25.9141
105 -25.9485
106 -25.9823
107 -26.0154
108 -26.0479
109 -26.0796
110 -26.1107
111 -26.1410
112 -26.1705
113 -26.1993
114 -26.2275
115 -26.2551
116 -26.2820
117 -26.3083
118 -26.3340
119 -26.3589
120 -26.3833
121 -26.4071
122 -26.4302
123 -26.4526
124 -26.4744
125 -26.4954
126 -26.5158
127 -26.5355
128 -26.5544
129 -26.5726
130 -26.5900
131 -26.6067
132 -26.6225
133 -26.6376
134 -26.6519
135 -26.6653
136 -26.6779
137 -26.6897
138 -26.7006
139 -26.7106
140 -26.7197
141 -26.7279
142 -26.7352
143 -26.7417
144 -26.7474
145 -26.7522
146 -26.7561
147 -26.7592
148 -26.7614
149 -26.7628
150 -26.7633
151 -26.7630
152 -26.7617
153 -26.7596
154 -26.7567
155 -26.7528
156 -26.7480
157 -26.7423
158 -26.7357
159 -26.7282
160 -26.7197
161 -26.7104
162 -26.7002
163 -26.6890
164 -26.6768
165 -26.6638
166 -26.6498
167 -26.6348
168 -26.6188
169 -26.6019
170 -26.5839
171 -26.5650
172 -26.5450
173 -26.5240
174 -26.5020
175 -26.4789
176 -26.4547
177 -26.4294
178 -26.4030
179 -26.3755
180 -26.3469
181 -26.3171
