-180 0.0
-179 0.0
-178 0.0494
-177 0.1047
-176 0.1655
-175 0.232
-174 0.3039
-173 0.3814
-172 0.4644
-171 0.5527
-170 0.6464
-169 0.7454
-168 0.8495
-167 0.9589
-166 1.0733
-165 1.1926
-164 1.3166
-163 1.4449
-162 1.5773
-161 1.7138
-160 1.854
-159 1.9976
-158 2.1445
-157 2.2946
-156 2.4475
-155 2.6028
-154 2.7602
-153 2.9197
-152 3.081
-151 3.2442
-150 3.409
-149 3.5754
-148 3.7433
-147 3.9125
-146 4.0829
-145 4.2546
-144 4.4274
-143 4.6013
-142 4.7763
-141 4.9524
-140 5.1295
-139 5.3076
-138 5.4868
-137 5.6673
-136 5.8493
-135 6.0329
-134 6.2181
-133 6.4051
-132 6.5939
-131 6.7846
-130 6.9772
-129 7.172
-128 7.3689
-127 7.5682
-126 7.7698
-125 7.9738
-124 8.1804
-123 8.3896
-122 8.6014
-121 8.816
-120 9.0332
-119 9.2531
-118 9.4757
-117 9.7009
-116 9.9285
-115 10.1585
-114 10.3909
-113 10.6253
-112 10.8616
-111 11.0995
-110 11.3387
-109 11.5786
-108 11.819
-107 12.0593
-106 12.2991
-105 12.5377
-104 12.7746
-103 13.0093
-102 13.2409
-101 13.469
-100 13.6926
-99 13.9113
-98 14.1242
-97 14.3306
-96 14.5297
-95 14.7209
-94 14.9035
-93 15.0767
-92 15.2398
-91 15.3923
-90 15.5335
-89 15.6628
-88 15.7797
-87 15.8838
-86 15.9746
-85 16.0517
-84 16.1148
-83 16.1637
-82 16.1981
-81 16.2182
-80 16.2241
-79 16.2157
-78 16.1929
-77 16.156
-76 16.1048
-75 16.0398
-74 15.961
-73 15.8687
-72 15.7632
-71 15.6448
-70 15.5139
-69 15.3709
-68 15.2163
-67 15.0504
-66 14.8738
-65 14.6869
-64 14.4903
-63 14.2844
-62 14.0697
-61 13.8468
-60 13.6163
-59 13.3785
-58 13.1341
-57 12.8836
-56 12.6275
-55 12.3664
-54 12.1006
-53 11.8308
-52 11.5574
-51 11.2808
-50 11.0016
-49 10.7205
-48 10.4379
-47 10.1545
-46 9.8707
-45 9.5871
-44 9.3039
-43 9.0215
-42 8.7401
-41 8.4601
-40 8.1818
-39 7.9055
-38 7.6313
-37 7.3597
-36 7.091
-35 6.8255
-34 6.5635
-33 6.3052
-32 6.0507
-31 5.8003
-30 5.5541
-29 5.3124
-28 5.0753
-27 4.843
-26 4.6157
-25 4.3935
-24 4.1765
-23 3.9649
-22 3.7589
-21 3.5585
-20 3.3639
-19 3.1752
-18 2.9925
-17 2.8159
-16 2.6455
-15 2.4814
-14 2.3237
-13 2.1725
-12 2.0277
-11 1.8896
-10 1.7581
-9 1.6332
-8 1.5151
-7 1.4038
-6 1.2993
-5 1.2016
-4 1.1107
-3 1.0267
-2 0.9495
-1 0.8792
0 0.8157
1 0.759
2 0.7091
3 0.666
4 0.6296
5 0.5998
6 0.5767
7 0.5602
8 0.5501
9 0.5465
10 0.5493
11 0.5583
12 0.5735
13 0.5947
14 0.622
15 0.6551
16 0.694
17 0.7386
18 0.7886
19 0.844
20 0.9047
21 0.9705
22 1.0412
23 1.1168
24 1.197
25 1.2816
26 1.3706
27 1.4638
28 1.5609
29 1.6618
30 1.7664
31 1.8744
32 1.9856
33 2.0999
34 2.2171
35 2.3369
36 2.4592
37 2.5838
38 2.7105
39 2.8391
40 2.9693
41 3.1011
42 3.2341
43 3.3682
44 3.5032
45 3.6389
46 3.7751
47 3.9116
48 4.0481
49 4.1845
50 4.3207
51 4.4563
52 4.5913
53 4.7254
54 4.8585
55 4.9902
56 5.1204
57 5.249
58 5.3757
59 5.5004
60 5.6228
61 5.7428
62 5.8602
63 5.9749
64 6.0866
65 6.1953
66 6.3007
67 6.4028
68 6.5013
69 6.5961
70 6.6871
71 6.7741
72 6.8571
73 6.9359
74 7.0104
75 7.0805
76 7.1461
77 7.2071
78 7.2634
79 7.315
80 7.3617
81 7.4035
82 7.4404
83 7.4722
84 7.499
85 7.5206
86 7.5372
87 7.5486
88 7.5548
89 7.5558
90 7.5517
91 7.5424
92 7.5279
93 7.5083
94 7.4835
95 7.4537
96 7.4188
97 7.379
98 7.3342
99 7.2845
100 7.2301
101 7.1709
102 7.1072
103 7.0388
104 6.9661
105 6.889
106 6.8077
107 6.7223
108 6.6329
109 6.5396
110 6.4427
111 6.3421
112 6.2381
113 6.1308
114 6.02
115 5.9061
116 5.7892
117 5.6693
118 5.5467
119 5.4215
120 5.2939
121 5.1639
122 5.0319
123 4.8978
124 4.7621
125 4.6247
126 4.486
127 4.3461
128 4.2052
129 4.0635
130 3.9212
131 3.7784
132 3.6355
133 3.4925
134 3.3498
135 3.2074
136 3.0656
137 2.9245
138 2.7845
139 2.6457
140 2.5082
141 2.3724
142 2.2383
143 2.1061
144 1.9759
145 1.848
146 1.7225
147 1.5997
148 1.4796
149 1.3625
150 1.2485
151 1.1377
152 1.0305
153 0.9268
154 0.827
155 0.7311
156 0.6392
157 0.5516
158 0.4684
159 0.3896
160 0.3155
161 0.2461
162 0.1815
163 0.122
164 0.0675
165 0.0183
166 -0.0257
167 -0.0643
168 -0.0974
169 -0.1249
170 -0.1468
171 -0.163
172 -0.1734
173 -0.178
174 -0.1767
175 -0.1695
176 -0.1563
177 -0.1371
178 -0.1119
179 -0.0806
180 -0.0433
