-180 -30.8342
-179 -30.8342
-178 -30.7848
-177 -30.7295
-176 -30.6687
-175 -30.6022
-174 -30.5303
-173 -30.4528
-172 -30.3698
-171 -30.2815
-170 -30.1878
-169 -30.0888
-168 -29.9847
-167 -29.8753
-166 -29.7609
-165 -29.6416
-164 -29.5176
-163 -29.3893
-162 -29.2569
-161 -29.1204
-160 -28.9802
-159 -28.8366
-158 -28.6897
-157 -28.5396
-156 -28.3867
-155 -28.2314
-154 -28.0740
-153 -27.9145
-152 -27.7532
-151 -27.5900
-150 -27.4252
-149 -27.2588
-148 -27.0909
-147 -26.9217
-146 -26.7513
-145 -26.5796
-144 -26.4068
-143 -26.2329
-142 -26.0579
-141 -25.8818
-140 -25.7047
-139 -25.5266
-138 -25.3474
-137 -25.1669
-136 -24.9849
-135 -24.8013
-134 -24.6161
-133 -24.4291
-132 -24.2403
-131 -24.0496
-130 -23.8570
-129 -23.6622
-128 -23.4653
-127 -23.2660
-126 -23.0644
-125 -22.8604
-124 -22.6538
-123 -22.4446
-122 -22.2328
-121 -22.0182
-120 -21.8010
-119 -21.5811
-118 -21.3585
-117 -21.1333
-116 -20.9057
-115 -20.6757
-114 -20.4433
-113 -20.2089
-112 -19.9726
-111 -19.7347
-110 -19.4955
-109 -19.2556
-108 -19.0152
-107 -18.7749
-106 -18.5351
-105 -18.2965
-104 -18.0596
-103 -17.8249
-102 -17.5933
-101 -17.3652
-100 -17.1416
-99 -16.9229
-98 -16.7100
-97 -16.5036
-96 -16.3045
-95 -16.1133
-94 -15.9307
-93 -15.7575
-92 -15.5944
-91 -15.4419
-90 -15.3007
-89 -15.1714
-88 -15.0545
-87 -14.9504
-86 -14.8596
-85 -14.7825
-84 -14.7194
-83 -14.6705
-82 -14.6361
-81 -14.6160
-80 -14.6101
-79 -14.6185
-78 -14.6413
-77 -14.6782
-76 -14.7294
-75 -14.7944
-74 -14.8732
-73 -14.9655
-72 -15.0710
-71 -15.1894
-70 -15.3203
-69 -15.4633
-68 -15.6179
-67 -15.7838
-66 -15.9604
-65 -16.1473
-64 -16.3439
-63 -16.5498
-62 -16.7645
-61 -16.9874
-60 -17.2179
-59 -17.4557
-58 -17.7001
-57 -17.9506
-56 -18.2067
-55 -18.4678
-54 -18.7336
-53 -19.0034
-52 -19.2768
-51 -19.5534
-50 -19.8326
-49 -20.1137
-48 -20.3963
-47 -20.6797
-46 -20.9635
-45 -21.2471
-44 -21.5303
-43 -21.8127
-42 -22.0941
-41 -22.3741
-40 -22.6524
-39 -22.9287
-38 -23.2029
-37 -23.4745
-36 -23.7432
-35 -24.0087
-34 -24.2707
-33 -24.5290
-32 -24.7835
-31 -25.0339
-30 -25.2801
-29 -25.5218
-28 -25.7589
-27 -25.9912
-26 -26.2185
-25 -26.4407
-24 -26.6577
-23 -26.8693
-22 -27.0753
-21 -27.2757
-20 -27.4703
-19 -27.6590
-18 -27.8417
-17 -28.0183
-16 -28.1887
-15 -28.3528
-14 -28.5105
-13 -28.6617
-12 -28.8065
-11 -28.9446
-10 -29.0761
-9 -29.2010
-8 -29.3191
-7 -29.4304
-6 -29.5349
-5 -29.6326
-4 -29.7235
-3 -29.8075
-2 -29.8847
-1 -29.9550
0 -30.0185
1 -30.0752
2 -30.1251
3 -30.1682
4 -30.2046
5 -30.2344
6 -30.2575
7 -30.2740
8 -30.2841
9 -30.2877
10 -30.2849
11 -30.2759
12 -30.2607
13 -30.2395
14 -30.2122
15 -30.1791
16 -30.1402
17 -30.0956
18 -30.0456
19 -29.9902
20 -29.9295
21 -29.8637
22 -29.7930
23 -29.7174
24 -29.6372
25 -29.5526
26 -29.4636
27 -29.3704
28 -29.2733
29 -29.1724
30 -29.0678
31 -28.9598
32 -28.8486
33 -28.7343
34 -28.6171
35 -28.4973
36 -28.3750
37 -28.2504
38 -28.1237
39 -27.9951
40 -27.8649
41 -27.7331
42 -27.6001
43 -27.4660
44 -27.3310
45 -27.1953
46 -27.0591
47 -26.9226
48 -26.7861
49 -26.6497
50 -26.5135
51 -26.3779
52 -26.2429
53 -26.1088
54 -25.9757
55 -25.8440
56 -25.7138
57 -25.5852
58 -25.4585
59 -25.3338
60 -25.2114
61 -25.0914
62 -24.9740
63 -24.8593
64 -24.7476
65 -24.6389
66 -24.5335
67 -24.4314
68 -24.3329
69 -24.2381
70 -24.1471
71 -24.0601
72 -23.9771
73 -23.8983
74 -23.8238
75 -23.7537
76 -23.6881
77 -23.6271
78 -23.5708
79 -23.5192
80 -23.4725
81 -23.4307
82 -23.3938
83 -23.3620
84 -23.3352
85 -23.3136
86 -23.2970
87 -23.2856
88 -23.2794
89 -23.2784
90 -23.2825
91 -23.2918
92 -23.3063
93 -23.3259
94 -23.3507
95 -23.3805
96 -23.4154
97 -23.4552
98 -23.5000
99 -23.5497
100 -23.6041
101 -23.6633
102 -23.7270
103 -23.7954
104 -23.8681
105 -23.9452
106 -24.0265
107 -24.1119
108 -24.2013
109 -24.2946
110 -24.3915
111 -24.4921
112 -24.5961
113 -24.7034
114 -24.8142
115 -24.9281
116 -25.0450
117 -25.1649
118 -25.2875
119 -25.4127
120 -25.5403
121 -25.6703
122 -25.8023
123 -25.9364
124 -26.0721
125 -26.2095
126 -26.3482
127 -26.4881
128 -26.6290
129 -26.7707
130 -26.9130
131 -27.0558
132 -27.1987
133 -27.3417
134 -27.4844
135 -27.6268
136 -27.7686
137 -27.9097
138 -28.0497
139 -28.1885
140 -28.3260
141 -28.4618
142 -28.5959
143 -28.7281
144 -28.8583
145 -28.9862
146 -29.1117
147 -29.2345
148 -29.3546
149 -29.4717
150 -29.5857
151 -29.6965
152 -29.8037
153 -29.9074
154 -30.0072
155 -30.1031
156 -30.1950
157 -30.2826
158 -30.3658
159 -30.4446
160 -30.5187
161 -30.5881
162 -30.6527
163 -30.7122
164 -30.7667
165 -30.8159
166 -30.8599
167 -30.8985
168 -30.9316
169 -30.9591
170 -30.9810
171 -30.9972
172 -31.0076
173 -31.0122
174 -31.0109
175 -31.0037
176 -30.9905
177 -30.9713
178 -30.9461
179 -30.9148
180 -30.8775
181 -30.8342
