-180 -17.8727
-179 -17.8727
-178 -10.3059
-177 -6.5482
-176 -8.1955
-175 -9.0962
-174 -5.5478
-173 -1.0933
-172 -1.9050
-171 -10.4091
-170 -10.0826
-169 -6.7427
-168 -9.0999
-167 4.3147
-166 -6.4213
-165 -7.3590
-164 -15.0532
-163 -9.5970
-162 -6.7491
-161 -2.8547
-160 -7.1944
-159 0.1865
-158 -2.0128
-157 -4.5419
-156 -4.6458
-155 0.2475
-154 1.2109
-153 -7.7694
-152 -5.6469
-151 -1.2653
-150 -6.4572
-149 8.0477
-148 -4.4940
-147 -5.2081
-146 -8.3334
-145 2.5134
-144 2.0154
-143 -6.1226
-142 -3.0908
-141 -3.8356
-140 -2.8096
-139 -4.7444
-138 -7.1479
-137 -2.7861
-136 -2.4628
-135 -3.5004
-134 5.6355
-133 -0.2019
-132 3.2841
-131 -2.7950
-130 -4.7262
-129 2.6068
-128 -5.2266
-127 2.0530
-126 -0.9048
-125 3.1435
-124 -2.3383
-123 4.7361
-122 4.4396
-121 -4.5942
-120 0.0867
-119 3.4327
-118 -1.3445
-117 7.3780
-116 0.2068
-115 5.5066
-114 8.9834
-113 -1.2687
-112 4.2020
-111 1.8646
-110 8.3391
-109 -3.2256
-108 5.0952
-107 1.1421
-106 10.0213
-105 4.0638
-104 12.8199
-103 8.4085
-102 5.1065
-101 1.2973
-100 0.0036
-99 9.2018
-98 5.5641
-97 6.2697
-96 1.1903
-95 6.4399
-94 7.0934
-93 8.8549
-92 7.8995
-91 6.3070
-90 2.2585
-89 15.0056
-88 9.3092
-87 3.0776
-86 6.6693
-85 8.9381
-84 3.1341
-83 5.4333
-82 11.6518
-81 4.1726
-80 1.6328
-79 14.8809
-78 6.8565
-77 4.0018
-76 3.3348
-75 6.8892
-74 2.4235
-73 8.6690
-72 11.0515
-71 7.8336
-70 3.1713
-69 9.7613
-68 7.1494
-67 4.5125
-66 7.1430
-65 15.2698
-64 2.7266
-63 9.2252
-62 8.1002
-61 6.5919
-60 6.0828
-59 2.7078
-58 -0.4831
-57 7.3809
-56 0.6706
-55 11.7703
-54 11.0771
-53 1.0627
-52 8.1230
-51 4.1748
-50 2.6735
-49 5.1182
-48 1.0567
-47 -1.1830
-46 -0.8808
-45 -2.6505
-44 -0.7452
-43 1.2566
-42 -1.5673
-41 3.4175
-40 -3.8381
-39 -4.9113
-38 -1.6066
-37 -1.9314
-36 0.8507
-35 -1.8934
-34 -2.4596
-33 0.0742
-32 -2.9267
-31 -2.1391
-30 -5.0037
-29 2.8580
-28 -4.7334
-27 -3.1802
-26 -0.3792
-25 -7.3922
-24 -5.7266
-23 -5.0041
-22 -5.5073
-21 -7.3238
-20 -4.0546
-19 -2.8126
-18 -5.7262
-17 -9.3706
-16 -8.4980
-15 -6.2387
-14 -8.3768
-13 -6.3512
-12 -6.5211
-11 -8.3980
-10 -14.5068
-9 -2.7160
-8 -4.9895
-7 4.0924
-6 -0.6016
-5 -1.7637
-4 -13.5917
-3 -13.2027
-2 -10.4183
-1 -5.0727
0 -8.8551
1 -8.1569
2 -5.1282
3 -5.9514
4 -4.0481
5 -10.6386
6 -8.3803
7 -7.2760
8 -1.4673
9 -6.6479
10 -9.2367
11 -6.6756
12 -8.7377
13 -8.4047
14 -11.4730
15 -10.8585
16 -12.8924
17 -2.6953
18 -10.7351
19 -8.3328
20 -11.5413
21 3.4820
22 -2.4523
23 -8.3697
24 -7.2923
25 -6.6064
26 -5.2113
27 -9.6622
28 -5.8831
29 -10.8538
30 -9.7047
31 -9.0708
32 -6.8470
33 -9.5811
34 -4.8992
35 -5.6649
36 -9.3779
37 -0.8448
38 -9.3329
39 -5.8850
40 -6.7124
41 -0.5181
42 -9.6793
43 -5.9193
44 -8.0907
45 -7.4400
46 -5.5075
47 -1.0439
48 -5.0311
49 -2.0031
50 -1.1954
51 1.8004
52 -0.8360
53 -2.6348
54 -8.6165
55 -4.5117
56 -5.9716
57 -0.5358
58 -8.8257
59 -8.2848
60 -0.7924
61 -5.2437
62 -5.6545
63 -9.8496
64 -4.7280
65 -4.6152
66 1.0067
67 1.2218
68 -6.1011
69 3.5003
70 -8.3846
71 -1.3538
72 -5.5525
73 0.6491
74 -6.8333
75 0.2058
76 0.2947
77 1.4079
78 -2.6962
79 2.8236
80 -2.1420
81 0.1789
82 -9.1813
83 -7.8556
84 -2.6975
85 -1.9361
86 -6.1266
87 -0.2470
88 -3.1438
89 2.4467
90 -0.0232
91 -3.0068
92 -2.0958
93 1.7429
94 -0.1684
95 -6.8491
96 -3.9837
97 1.2877
98 1.1219
99 -4.1927
100 -0.4120
101 2.9192
102 0.8214
103 -2.2135
104 -9.2665
105 -3.3840
106 -4.2079
107 -2.2031
108 4.5573
109 5.1687
110 -3.9559
111 2.6044
112 -4.0816
113 -7.0866
114 -8.3746
115 -0.5755
116 -0.0253
117 -4.0730
118 0.2971
119 1.9394
120 -6.9526
121 -5.2235
122 1.7095
123 -2.3038
124 -1.6253
125 3.8594
126 -0.1710
127 -6.6898
128 -10.3267
129 -2.1940
130 -0.1358
131 -4.7605
132 2.1415
133 -4.3861
134 -9.7389
135 -7.8063
136 -1.3499
137 -5.2769
138 -8.3935
139 -5.6992
140 -2.5411
141 -6.6132
142 -8.8517
143 -6.9202
144 -7.1487
145 -1.6326
146 -6.2989
147 -8.7189
148 -2.0943
149 -5.3546
150 -8.4001
151 -8.6988
152 -7.0495
153 -10.1481
154 -13.8650
155 -9.5337
156 -2.8625
157 -3.4040
158 -12.3367
159 -12.6485
160 -5.8951
161 -6.7236
162 -11.3498
163 -10.2979
164 -11.8817
165 -8.8674
166 -10.7639
167 -5.2476
168 -14.9176
169 -7.1132
170 -16.6336
171 -5.2570
172 -5.9891
173 -9.1731
174 -6.3846
175 -8.9735
176 -8.6820
177 -8.6404
178 -15.4884
179 0.3558
180 -8.7644
181 -7.3135
