-180 0.0
-179 0.0
-178 0.0951
-177 0.1968
-176 0.3047
-175 0.4181
-174 0.5369
-173 0.6609
-172 0.7901
-171 0.9242
-170 1.0633
-169 1.2071
-168 1.3555
-167 1.5085
-166 1.6658
-165 1.8273
-164 1.9928
-163 2.1622
-162 2.3353
-161 2.512
-160 2.692
-159 2.8752
-158 3.0615
-157 3.2505
-156 3.4423
-155 3.6365
-154 3.833
-153 4.0317
-152 4.2324
-151 4.4349
-150 4.6391
-149 4.8448
-148 5.0519
-147 5.2603
-146 5.4698
-145 5.6803
-144 5.8918
-143 6.1041
-142 6.3172
-141 6.531
-140 6.7454
-139 6.9605
-138 7.1761
-137 7.3923
-136 7.6092
-135 7.8267
-134 8.045
-133 8.264
-132 8.4839
-131 8.7047
-130 8.9265
-129 9.1493
-128 9.3728
-127 9.5971
-126 9.8224
-125 10.0487
-124 10.2761
-123 10.5048
-122 10.7348
-121 10.9662
-120 11.1988
-119 11.4326
-118 11.6677
-117 11.9042
-116 12.1419
-115 12.3807
-114 12.6207
-113 12.8615
-112 13.1031
-111 13.3451
-110 13.5873
-109 13.8293
-108 14.0708
-107 14.3114
-106 14.5505
-105 14.7878
-104 15.0226
-103 15.2544
-102 15.4825
-101 15.7064
-100 15.9254
-99 16.1388
-98 16.3459
-97 16.546
-96 16.7385
-95 16.9226
-94 17.0976
-93 17.2629
-92 17.4178
-91 17.5616
-90 17.6938
-89 17.8138
-88 17.9211
-87 18.0152
-86 18.0956
-85 18.162
-84 18.2143
-83 18.2519
-82 18.2749
-81 18.2829
-80 18.2758
-79 18.2536
-78 18.2163
-77 18.1638
-76 18.0964
-75 18.0144
-74 17.918
-73 17.808
-72 17.6846
-71 17.5481
-70 17.3989
-69 17.2374
-68 17.0641
-67 16.8794
-66 16.6838
-65 16.4777
-64 16.2617
-63 16.0362
-62 15.8017
-61 15.5589
-60 15.308
-59 15.0498
-58 14.7847
-57 14.5131
-56 14.2357
-55 13.9529
-54 13.6651
-53 13.373
-52 13.0769
-51 12.7772
-50 12.4746
-49 12.1693
-48 11.8618
-47 11.5525
-46 11.2419
-45 10.9304
-44 10.6182
-43 10.3059
-42 9.9937
-41 9.6821
-40 9.3713
-39 9.0617
-38 8.7537
-37 8.4475
-36 8.1434
-35 7.8417
-34 7.5427
-33 7.2468
-32 6.9549
-31 6.6676
-30 6.3851
-29 6.1075
-28 5.8351
-27 5.5679
-26 5.3061
-25 5.0498
-24 4.7991
-23 4.5542
-22 4.315
-21 4.0817
-20 3.8544
-19 3.6333
-18 3.4184
-17 3.2098
-16 3.0077
-15 2.8122
-14 2.6234
-13 2.4412
-12 2.2658
-11 2.0974
-10 1.9358
-9 1.7812
-8 1.6336
-7 1.4931
-6 1.3597
-5 1.2334
-4 1.1142
-3 1.0022
-2 0.8972
-1 0.7995
0 0.7088
1 0.6253
2 0.5488
3 0.4794
4 0.417
5 0.3615
6 0.313
7 0.2718
8 0.2381
9 0.2119
10 0.193
11 0.1814
12 0.1767
13 0.179
14 0.1881
15 0.2037
16 0.2258
17 0.2542
18 0.2887
19 0.3292
20 0.3754
21 0.4272
22 0.4845
23 0.5471
24 0.6147
25 0.6872
26 0.7644
27 0.8461
28 0.9322
29 1.0224
30 1.1165
31 1.2144
32 1.3158
33 1.4206
34 1.5285
35 1.6393
36 1.7528
37 1.8689
38 1.9872
39 2.1077
40 2.23
41 2.354
42 2.4795
43 2.6062
44 2.7339
45 2.8625
46 2.9917
47 3.1212
48 3.251
49 3.3807
50 3.5102
51 3.6393
52 3.7677
53 3.8954
54 4.0219
55 4.1473
56 4.2712
57 4.3935
58 4.5141
59 4.6326
60 4.7489
61 4.863
62 4.9745
63 5.0833
64 5.1893
65 5.2923
66 5.3921
67 5.4886
68 5.5817
69 5.6712
70 5.7569
71 5.8388
72 5.9167
73 5.9905
74 6.0601
75 6.1254
76 6.1863
77 6.2427
78 6.2945
79 6.3417
80 6.3841
81 6.4217
82 6.4544
83 6.4823
84 6.5052
85 6.523
86 6.5359
87 6.5437
88 6.5464
89 6.5441
90 6.5367
91 6.5242
92 6.5067
93 6.4841
94 6.4565
95 6.424
96 6.3865
97 6.3441
98 6.2969
99 6.2449
100 6.1882
101 6.1268
102 6.061
103 5.9906
104 5.9159
105 5.8369
106 5.7538
107 5.6667
108 5.5756
109 5.4807
110 5.3821
111 5.2801
112 5.1746
113 5.0659
114 4.9541
115 4.8393
116 4.7218
117 4.6017
118 4.4791
119 4.3542
120 4.2273
121 4.0984
122 3.9679
123 3.8357
124 3.7022
125 3.5676
126 3.4319
127 3.2955
128 3.1585
129 3.0211
130 2.8836
131 2.746
132 2.6087
133 2.4717
134 2.3354
135 2.1999
136 2.0655
137 1.9322
138 1.8004
139 1.6702
140 1.5417
141 1.4153
142 1.2911
143 1.1693
144 1.0501
145 0.9337
146 0.8202
147 0.7099
148 0.6029
149 0.4994
150 0.3996
151 0.3037
152 0.2118
153 0.1241
154 0.0408
155 -0.0379
156 -0.112
157 -0.1812
158 -0.2453
159 -0.3043
160 -0.358
161 -0.4062
162 -0.4488
163 -0.4856
164 -0.5165
165 -0.5414
166 -0.5601
167 -0.5724
168 -0.5784
169 -0.5777
170 -0.5702
171 -0.5556
172 -0.5339
173 -0.5048
174 -0.4682
175 -0.4241
176 -0.3721
177 -0.3123
178 -0.2445
179 -0.1697
180 -0.0882
