-180 -28.8588
-179 -28.8588
-178 -28.7637
-177 -28.6620
-176 -28.5541
-175 -28.4407
-174 -28.3219
-173 -28.1979
-172 -28.0687
-171 -27.9346
-170 -27.7955
-169 -27.6517
-168 -27.5033
-167 -27.3503
-166 -27.1930
-165 -27.0315
-164 -26.8660
-163 -26.6966
-162 -26.5235
-161 -26.3468
-160 -26.1668
-159 -25.9836
-158 -25.7973
-157 -25.6083
-156 -25.4165
-155 -25.2223
-154 -25.0258
-153 -24.8271
-152 -24.6264
-151 -24.4239
-150 -24.2197
-149 -24.0140
-148 -23.8069
-147 -23.5985
-146 -23.3890
-145 -23.1785
-144 -22.9670
-143 -22.7547
-142 -22.5416
-141 -22.3278
-140 -22.1134
-139 -21.8983
-138 -21.6827
-137 -21.4665
-136 -21.2496
-135 -21.0321
-134 -20.8138
-133 -20.5948
-132 -20.3749
-131 -20.1541
-130 -19.9323
-129 -19.7095
-128 -19.4860
-127 -19.2617
-126 -19.0364
-125 -18.8101
-124 -18.5827
-123 -18.3540
-122 -18.1240
-121 -17.8926
-120 -17.6600
-119 -17.4262
-118 -17.1911
-117 -16.9546
-116 -16.7169
-115 -16.4781
-114 -16.2381
-113 -15.9973
-112 -15.7557
-111 -15.5137
-110 -15.2715
-109 -15.0295
-108 -14.7880
-107 -14.5474
-106 -14.3083
-105 -14.0710
-104 -13.8362
-103 -13.6044
-102 -13.3763
-101 -13.1524
-100 -12.9334
-99 -12.7200
-98 -12.5129
-97 -12.3128
-96 -12.1203
-95 -11.9362
-94 -11.7612
-93 -11.5959
-92 -11.4410
-91 -11.2972
-90 -11.1650
-89 -11.0450
-88 -10.9377
-87 -10.8436
-86 -10.7632
-85 -10.6968
-84 -10.6445
-83 -10.6069
-82 -10.5839
-81 -10.5759
-80 -10.5830
-79 -10.6052
-78 -10.6425
-77 -10.6950
-76 -10.7624
-75 -10.8444
-74 -10.9408
-73 -11.0508
-72 -11.1742
-71 -11.3107
-70 -11.4599
-69 -11.6214
-68 -11.7947
-67 -11.9794
-66 -12.1750
-65 -12.3811
-64 -12.5971
-63 -12.8226
-62 -13.0571
-61 -13.2999
-60 -13.5508
-59 -13.8090
-58 -14.0741
-57 -14.3457
-56 -14.6231
-55 -14.9059
-54 -15.1937
-53 -15.4858
-52 -15.7819
-51 -16.0816
-50 -16.3842
-49 -16.6895
-48 -16.9970
-47 -17.3063
-46 -17.6169
-45 -17.9284
-44 -18.2406
-43 -18.5529
-42 -18.8651
-41 -19.1767
-40 -19.4875
-39 -19.7971
-38 -20.1051
-37 -20.4113
-36 -20.7154
-35 -21.0171
-34 -21.3161
-33 -21.6120
-32 -21.9039
-31 -22.1912
-30 -22.4737
-29 -22.7513
-28 -23.0237
-27 -23.2909
-26 -23.5527
-25 -23.8090
-24 -24.0597
-23 -24.3046
-22 -24.5438
-21 -24.7771
-20 -25.0044
-19 -25.2255
-18 -25.4404
-17 -25.6490
-16 -25.8511
-15 -26.0466
-14 -26.2354
-13 -26.4176
-12 -26.5930
-11 -26.7614
-10 -26.9230
-9 -27.0776
-8 -27.2252
-7 -27.3657
-6 -27.4991
-5 -27.6254
-4 -27.7446
-3 -27.8566
-2 -27.9616
-1 -28.0593
0 -28.1500
1 -28.2335
2 -28.3100
3 -28.3794
4 -28.4418
5 -28.4973
6 -28.5458
7 -28.5870
8 -28.6207
9 -28.6469
10 -28.6658
11 -28.6774
12 -28.6821
13 -28.6798
14 -28.6707
15 -28.6551
16 -28.6330
17 -28.6046
18 -28.5701
19 -28.5296
20 -28.4834
21 -28.4316
22 -28.3743
23 -28.3117
24 -28.2441
25 -28.1716
26 -28.0944
27 -28.0127
28 -27.9266
29 -27.8364
30 -27.7423
31 -27.6444
32 -27.5430
33 -27.4382
34 -27.3303
35 -27.2195
36 -27.1060
37 -26.9899
38 -26.8716
39 -26.7511
40 -26.6288
41 -26.5048
42 -26.3793
43 -26.2526
44 -26.1249
45 -25.9963
46 -25.8671
47 -25.7376
48 -25.6078
49 -25.4781
50 -25.3486
51 -25.2195
52 -25.0911
53 -24.9634
54 -24.8369
55 -24.7115
56 -24.5876
57 -24.4653
58 -24.3447
59 -24.2262
60 -24.1099
61 -23.9958
62 -23.8843
63 -23.7755
64 -23.6695
65 -23.5665
66 -23.4667
67 -23.3702
68 -23.2771
69 -23.1876
70 -23.1019
71 -23.0200
72 -22.9421
73 -22.8683
74 -22.7987
75 -22.7334
76 -22.6725
77 -22.6161
78 -22.5643
79 -22.5171
80 -22.4747
81 -22.4371
82 -22.4044
83 -22.3765
84 -22.3536
85 -22.3358
86 -22.3229
87 -22.3151
88 -22.3124
89 -22.3147
90 -22.3221
91 -22.3346
92 -22.3521
93 -22.3747
94 -22.4023
95 -22.4348
96 -22.4723
97 -22.5147
98 -22.5619
99 -22.6139
100 -22.6706
101 -22.7320
102 -22.7978
103 -22.8682
104 -22.9429
105 -23.0219
106 -23.1050
107 -23.1921
108 -23.2832
109 -23.3781
110 -23.4767
111 -23.5787
112 -23.6842
113 -23.7929
114 -23.9047
115 -24.0195
116 -24.1370
117 -24.2571
118 -24.3797
119 -24.5046
120 -24.6315
121 -24.7604
122 -24.8909
123 -25.0231
124 -25.1566
125 -25.2912
126 -25.4269
127 -25.5633
128 -25.7003
129 -25.8377
130 -25.9752
131 -26.1128
132 -26.2501
133 -26.3871
134 -26.5234
135 -26.6589
136 -26.7933
137 -26.9266
138 -27.0584
139 -27.1886
140 -27.3171
141 -27.4435
142 -27.5677
143 -27.6895
144 -27.8087
145 -27.9251
146 -28.0386
147 -28.1489
148 -28.2559
149 -28.3594
150 -28.4592
151 -28.5551
152 -28.6470
153 -28.7347
154 -28.8180
155 -28.8967
156 -28.9708
157 -29.0400
158 -29.1041
159 -29.1631
160 -29.2168
161 -29.2650
162 -29.3076
163 -29.3444
164 -29.3753
165 -29.4002
166 -29.4189
167 -29.4312
168 -29.4372
169 -29.4365
170 -29.4290
171 -29.4144
172 -29.3927
173 -29.3636
174 -29.3270
175 -29.2829
176 -29.2309
177 -29.1711
178 -29.1033
179 -29.0285
180 -28.9470
181 -28.8588
