-180 -1.3865
-179 -1.3865
-178 -9.7222
-177 -6.8361
-176 -3.7175
-175 -7.5863
-174 -4.0502
-173 -4.9970
-172 -2.5548
-171 -8.1894
-170 -4.0062
-169 -8.0596
-168 -6.2128
-167 -5.5374
-166 -5.9913
-165 -5.1868
-164 -3.9011
-163 -9.2476
-162 -1.5519
-161 -0.9168
-160 -1.4752
-159 2.2490
-158 -4.6111
-157 -7.2895
-156 -2.0326
-155 -2.4799
-154 2.8037
-153 -5.4753
-152 -3.6355
-151 -8.3005
-150 -5.2697
-149 -6.4910
-148 0.2616
-147 -5.2804
-146 -4.5551
-145 -0.5863
-144 -0.1534
-143 -1.2639
-142 0.8007
-141 2.2483
-140 2.0515
-139 -2.1882
-138 3.3687
-137 -4.4535
-136 4.4399
-135 3.3570
-134 7.1663
-133 0.7020
-132 -3.4138
-131 -2.7484
-130 4.8040
-129 -4.2014
-128 2.7554
-127 1.1494
-126 9.6810
-125 2.9796
-124 5.3161
-123 -0.5742
-122 1.9830
-121 2.5690
-120 -0.4291
-119 5.2890
-118 10.6361
-117 4.0143
-116 0.6772
-115 6.2099
-114 10.5066
-113 3.4539
-112 4.3249
-111 5.7220
-110 2.2997
-109 13.8293
-108 3.5070
-107 1.2809
-106 7.8069
-105 9.9532
-104 11.4403
-103 5.8636
-102 4.2322
-101 4.7664
-100 9.2372
-99 6.9675
-98 9.8769
-97 7.3559
-96 10.9359
-95 20.1507
-94 14.0620
-93 12.5543
-92 9.3429
-91 6.9237
-90 8.4055
-89 13.0195
-88 10.2466
-87 14.2106
-86 14.5713
-85 8.0145
-84 18.2950
-83 10.4217
-82 13.0939
-81 20.3305
-80 9.9035
-79 14.9671
-78 16.4627
-77 16.8953
-76 5.9603
-75 9.6283
-74 17.4915
-73 12.9314
-72 11.0266
-71 17.7396
-70 23.2558
-69 7.5127
-68 7.7128
-67 8.9182
-66 12.7698
-65 10.2830
-64 3.8928
-63 7.1437
-62 7.6352
-61 14.5767
-60 13.3557
-59 10.5794
-58 8.5120
-57 11.6435
-56 10.4684
-55 9.5930
-54 3.1825
-53 7.0156
-52 5.8142
-51 3.6882
-50 8.1256
-49 7.8039
-48 5.7462
-47 10.5531
-46 1.6473
-45 2.7846
-44 4.1536
-43 4.6128
-42 -1.8364
-41 9.3528
-40 -0.6043
-39 -2.9453
-38 3.7776
-37 0.8844
-36 3.9111
-35 3.7017
-34 2.9100
-33 4.2392
-32 0.7600
-31 1.1271
-30 2.6561
-29 -0.5193
-28 0.0042
-27 2.8406
-26 -5.6855
-25 -4.7688
-24 -4.8658
-23 -3.9063
-22 -4.8329
-21 -4.1227
-20 4.1259
-19 -6.3614
-18 -4.3626
-17 -10.1229
-16 -1.6942
-15 -2.5189
-14 1.8624
-13 -3.1692
-12 -3.4098
-11 -6.6355
-10 -2.5520
-9 -1.3852
-8 -3.1175
-7 -5.8775
-6 -6.0743
-5 -4.0972
-4 -6.0123
-3 -8.3917
-2 -2.7686
-1 -4.2071
0 -7.6599
1 -7.0721
2 -5.7807
3 -0.5389
4 -5.0514
5 -3.9579
6 -8.1834
7 -6.5918
8 -5.0883
9 1.6373
10 -6.4781
11 -8.2678
12 -8.8656
13 -3.4605
14 -6.5694
15 -5.4409
16 -10.4630
17 -11.4067
18 -7.3690
19 -7.6181
20 1.7215
21 -10.2423
22 -5.8692
23 -6.1597
24 -0.4718
25 -12.1962
26 -9.3947
27 2.7949
28 -2.7171
29 -7.8459
30 0.7344
31 -10.0454
32 -8.5259
33 -1.2206
34 -6.7864
35 -11.2567
36 -4.5856
37 -0.3976
38 -6.3195
39 6.0290
40 -3.0944
41 -8.0352
42 0.4237
43 -6.2530
44 0.1197
45 -2.1198
46 2.3143
47 0.0288
48 -4.8252
49 -6.2301
50 -4.7729
51 -2.2507
52 -7.5900
53 -1.7267
54 -4.7526
55 -2.0032
56 -3.7733
57 3.2034
58 -3.5296
59 -1.2915
60 -2.6754
61 -4.0233
62 -0.5847
63 -4.2849
64 -4.8022
65 1.3669
66 -2.3126
67 -3.4995
68 3.4317
69 2.6648
70 -0.5844
71 3.1200
72 -0.1067
73 -0.6511
74 -0.7034
75 0.1523
76 -6.7790
77 2.4721
78 0.8103
79 1.2014
80 7.6951
81 5.6589
82 0.2848
83 2.2168
84 -1.7568
85 -3.4088
86 2.2478
87 9.4751
88 5.8820
89 -2.6698
90 -0.6212
91 4.0792
92 -5.1748
93 10.9513
94 -0.6891
95 -0.6186
96 0.2137
97 -2.7544
98 -0.9749
99 -1.6983
100 -0.2165
101 -0.8371
102 -1.6454
103 3.0885
104 0.8289
105 -4.9292
106 -8.5864
107 1.3925
108 -0.8949
109 -1.6979
110 -2.7605
111 1.6134
112 5.9665
113 -2.2635
114 2.3190
115 -4.1623
116 -4.4724
117 -0.7240
118 2.7603
119 -6.0594
120 -3.5603
121 -5.5831
122 -2.3187
123 -2.2401
124 -2.8123
125 7.5349
126 -5.4561
127 -7.0583
128 -1.7005
129 -7.9372
130 -8.9996
131 -3.9411
132 -7.0856
133 -5.1331
134 -7.8271
135 -6.8638
136 -4.4546
137 -12.8221
138 -5.9473
139 -6.6433
140 -6.3059
141 -3.0926
142 -4.7532
143 7.8330
144 -6.4356
145 -4.5115
146 -8.3065
147 -3.7317
148 -7.0323
149 -2.9440
150 -5.5456
151 -3.4112
152 -11.0003
153 -7.0564
154 -11.8571
155 -8.6786
156 -6.9558
157 -8.2037
158 -5.9538
159 -8.3241
160 -6.0169
161 -4.3941
162 -7.6471
163 -13.4562
164 -5.4833
165 -7.5785
166 -5.8573
167 -7.1729
168 -5.7757
169 -15.2256
170 -7.0875
171 -6.7561
172 -6.7025
173 0.1558
174 -1.6424
175 -5.9622
176 -5.2896
177 -5.5328
178 -2.2234
179 -7.1071
180 -4.5629
181 -8.9639
